<Map name="@map_breakin">
    <Scenario type="None" numDeployableTroops="4" referenceWinTimeSeconds="0" challenges="0" nightMission="false"/>
    <Graphics fogColor="E8C47C" fogDensity="0.103" windSpeed="0.162" windDirection="182" cloudDensity="0.99599999" waterClarity="0.94999999" rainAmount="0" terrainNormalsStrength="3" terrainSharpness="0.5" gossaoStrength="3" gossaoStrengthTerrain="5" gossaoDirectionalOcclusion="0" gossaoLevelsMin="0.050000001"/>
    <Terrain widthMeters="34" heightMeters="20">
        <Materials num="2" mat0="dirt_to_grass" mat1="asphalt"/>
    </Terrain>
    <MusicTracks/>
    <Layers used="536884983" l4="1" l5="1" l6="1" l7="1" l9="2" l10="2" l12="3" l13="3" l29="15"/>
    <Entities>
        <Entity template="Floor" id="3" pos="0.25 0 0" rot="-1 0 0 0 1 0 0 0 -1"/>
        <Entity template="Default Effect (Indoors)" id="99" pos="-13.8750019 0.0500000007 -10" rot="-1 0 0 0 1 0 0 0 -1">
            <SoundShader effectID="EFX_REVERB_HALLWAY_SMALL" defaultIndoors="true" defaultOutdoors="false"/>
        </Entity>
        <Entity template="Default Effect (Outdoors)" id="103" pos="-12.875001 0.0500000007 -10" rot="-1 0 0 0 1 0 0 0 -1">
            <SoundShader effectID="EFX_REVERB_OUTDOORS_VALLEY" defaultIndoors="false" defaultOutdoors="true"/>
        </Entity>
        <Entity template="Light Ambiental" id="2" pos="-15.250001 2.0999999 -10.750001" rot="-1 0 0 0 1 0 0 0 -1">
            <Light color0="FFFFFF" color1="818181" colorMultiplier="0.37" isIndoorLight="false" startDisabled="false"/>
        </Entity>
        <Entity template="Light Ambiental" id="5" pos="-14.625001 2.0999999 -10.750001" rot="-1 0 0 0 1 0 0 0 -1">
            <Light color0="FFFFFF" color1="818181" colorMultiplier="0.38999999" isIndoorLight="true" startDisabled="false"/>
        </Entity>
        <Entity template="Light Directional" id="9" pos="-14.0000019 0 -10.750001" rot="0.343590051 0.811302722 0.473005295 0.561051488 0.22657454 -0.796169162 -0.753104985 0.538936019 -0.37733376">
            <Light color="FFE6E3" colorMultiplier="1.89" isIndoorLight="false" startDisabled="false"/>
        </Entity>
        <Entity template="gate_metal_large" id="20" pos="5.25 1 8.375" rot="1 0 0 0 1 0 0 0 1"/>
        <Entity template="fence_metal_01" id="17" pos="-3.12500048 1.5866398e-08 0.875" rot="-1 0 0 0 1 0 0 0 -1"/>
        <Entity template="fence_metal_01" id="19" pos="-2.125 1.5866398e-08 0.875" rot="-1 0 0 0 1 0 0 0 -1"/>
        <Entity template="fence_metal_01" id="21" pos="-1.12500024 1.5866398e-08 0.875" rot="-1 0 0 0 1 0 0 0 -1"/>
        <Entity template="fence_metal_01" id="23" pos="-0.125000119 1.5866398e-08 0.875" rot="-1 0 0 0 1 0 0 0 -1"/>
        <Entity template="fence_metal_01" id="24" pos="0.874999881 1.5866398e-08 0.875" rot="-1 0 0 0 1 0 0 0 -1"/>
        <Entity template="fence_metal_01" id="30" pos="1.875 1.5866398e-08 0.875" rot="-1 0 0 0 1 0 0 0 -1"/>
        <Entity template="fence_metal_01" id="31" pos="2.875 1.5866398e-08 0.875" rot="-1 0 0 0 1 0 0 0 -1"/>
        <Entity template="fence_metal_01" id="32" pos="3.875 1.5866398e-08 0.875" rot="-1 0 0 0 1 0 0 0 -1"/>
        <Entity template="fence_metal_01" id="34" pos="-3.62500024 1.5866398e-08 0.25" rot="0 0 1 0 1 -0 -1 0 0"/>
        <Entity template="fence_stone__pole_02" id="47" pos="-3.50000024 0 -5.50000048" rot="-1 0 0 0 1 0 0 0 -1"/>
        <Entity template="fence_stone__pole_02" id="49" pos="-3.50000024 0 -7.00000048" rot="-1 0 0 0 1 0 0 0 -1"/>
        <Entity template="fence_metal_01" id="56" pos="-3.625 1.5866398e-08 -4.75000048" rot="0 0 1 0 1 -0 -1 0 0"/>
        <Entity template="fence_metal_01" id="58" pos="-3.25000024 1.5866398e-08 -7.625" rot="0.707106829 0 0.707106829 0 1 -0 -0.707106829 0 0.707106829"/>
        <Entity template="fence_metal_01" id="60" pos="-2.37500024 1.5866398e-08 -8" rot="1 0 0 0 1 0 0 0 1"/>
        <Entity template="fence_metal_01" id="62" pos="4.875 1.5866398e-08 0.875000179" rot="-1 0 0 0 1 0 0 0 -1"/>
        <Entity template="fence_stone__pole_02" id="65" pos="6.62500048 0 0.750000119" rot="-1 0 0 0 1 0 0 0 -1"/>
        <Entity template="fence_stone__pole_02" id="79" pos="16 0 0.75000006" rot="-1 0 0 0 1 0 0 0 -1"/>
        <Entity template="fence_stone__pole_02" id="102" pos="6.67399693 0 -3.75000024" rot="-1 0 0 0 1 0 0 0 -1"/>
        <Entity template="fence_stone__pole_02" id="105" pos="6.67399693 0 -5.25000048" rot="-1 0 0 0 1 0 0 0 -1"/>
        <Entity template="fence_stone__pole_02" id="111" pos="5.12500048 0 -9" rot="-1 0 0 0 1 0 0 0 -1"/>
        <Entity template="gate_metal_large" id="123" pos="6.62500048 1 -1.50000012" rot="0 0 1 0 1 -0 -1 0 0"/>
        <Entity template="gate_metal_large" id="125" pos="-3.62500024 1 -2.25" rot="0 0 1 0 1 -0 -1 0 0"/>
        <Entity template="fence_metal_01" id="36" pos="-1.37499988 1.5866398e-08 -8" rot="1 0 0 0 1 0 0 0 1"/>
        <Entity template="door_threshold_grate_01" id="95" pos="-3.49999928 0 -6.25000143" rot="0 0 -1 0 1 0 1 -0 0" group="7"/>
        <Entity template="door_frame_grate_01" id="97" pos="-3.49999976 0 -6.25000143" rot="0 0 -1 0 1 0 1 -0 0" group="7"/>
        <Entity template="door_grate_01" id="100" pos="-3.49999928 0 -6.25000143" rot="0 0 -1 0 1 0 1 -0 0" group="7"/>
        <Entity template="door_threshold_grate_01" id="108" pos="6.62500095 0 -4.50000095" rot="0 0 -1 0 1 0 1 -0 0" group="8"/>
        <Entity template="door_frame_grate_01" id="109" pos="6.62500095 0 -4.50000095" rot="0 0 -1 0 1 0 1 -0 0" group="8"/>
        <Entity template="door_grate_01" id="110" pos="6.62500095 0 -4.50000095" rot="0 0 -1 0 1 0 1 -0 0" group="8"/>
        <Entity template="fence_stone__pole_02" id="11" pos="-7.875 0 0.625" rot="-1 0 0 0 1 0 0 0 -1"/>
        <Entity template="fence_stone__pole_02" id="147" pos="-15.625001 0 0.625" rot="-1 0 0 0 1 0 0 0 -1"/>
        <Entity template="fence_stone__pole_02" id="149" pos="-15.625001 0 -9.125" rot="-1 0 0 0 1 0 0 0 -1"/>
        <Entity template="fence_stone__pole_02" id="133" pos="-8.125 0 -9.125" rot="-1 0 0 0 1 0 0 0 -1"/>
        <Entity template="fence_metal_corner_01" id="8" pos="-2.57499886 1.5866398e-08 -5.48000002" rot="1 -8.74227766e-08 0 8.74227766e-08 1 8.74227766e-08 -7.64274186e-15 -8.74227766e-08 1"/>
        <Entity template="barricade_sack_02" id="243" pos="4.375 0.431265175 0.5" rot="-1 0 0 0 1 0 0 0 -1"/>
        <Entity template="barricade_sack_02" id="244" pos="-1.50000012 0.431265175 0.5" rot="-1 0 0 0 1 0 0 0 -1"/>
        <Entity template="barricade_sack_04" id="246" pos="1.50000012 0.41876924 0.5" rot="-1 0 0 0 1 0 0 0 -1"/>
        <Entity template="water_pump" id="316" pos="6.75 0.616036415 -8.37499905" rot="-0.984807789 0 -0.173648328 0 1 0 0.173648328 0 -0.984807789"/>
        <Entity template="tire_tractor" id="318" pos="7.37500048 0.193545297 -0.25" rot="-1 0 0 0 1 0 0 0 -1"/>
        <Entity template="car_tire_02" id="320" pos="7.25000048 0.689183831 -0.125" rot="0.766044319 0.413175851 -0.492404133 1.34110437e-07 0.766044497 0.642787516 0.642787814 -0.492403805 0.586824059"/>
        <Entity template="generator_small_01" id="322" pos="8 0 -1.24999988" rot="-0.965925872 0 0.258819044 0 1 0 -0.258819044 0 -0.965925872"/>
        <Entity template="tire_02" id="324" pos="7.00000048 0.115204275 -1.125" rot="-1 0 0 0 1 0 0 0 -1"/>
        <Entity template="brick_stack_01" id="326" pos="7.25000048 0 -2.375" rot="-1 0 0 0 1 0 0 0 -1"/>
        <Entity template="ladder" id="328" pos="7.12500048 0.844318628 -3.00000024" rot="-1 0 0 0 0.819152057 0.573576391 0 0.57357645 -0.819152176"/>
        <Entity template="plastic_gallon_white" id="330" pos="7.50000048 0.171683803 -1.50000012" rot="-0.965925872 0 -0.258818984 0 1 0 0.258818984 0 -0.965925872"/>
        <Entity template="plastic_gallon_white" id="331" pos="7.62500048 0.171683803 -1.25" rot="-0.866025507 0 -0.49999994 0 1 0 0.49999994 0 -0.866025507"/>
        <Entity template="water_tank_plastic_01" id="348" pos="-0.375 0.774475515 -0.499999821" rot="-0.99619472 0 -0.0871556923 0 1 0 0.0871556923 0 -0.99619472"/>
        <Entity template="water_tank_plastic_01" id="349" pos="-2.625 0.774475515 -0.625" rot="-1 0 3.72528852e-08 0 1 0 -3.72528852e-08 0 -1"/>
        <Entity template="tire_tractor" id="206" pos="-1.50000012 0.692493737 -7.50000048" rot="-0.996079326 -0.0830706134 0.0304188617 -0.00753809884 0.422302425 0.906423688 -0.0881431177 0.902640522 -0.421272874"/>
        <Entity template="gas_cylinder" id="217" pos="-2.62500024 4.31511253e-08 -7.50000048" rot="-0.965925872 0 -0.258819044 0 1 0 0.258819044 0 -0.965925872"/>
        <Entity template="pallet_01" id="234" pos="-2.75000024 0 -0.500000119" rot="-0.99619472 0 0.087155737 0 1 0 -0.087155737 0 -0.99619472"/>
        <Entity template="pallet_01" id="239" pos="-1.62500012 0 -0.500000119" rot="-1 0 0 0 1 0 0 0 -1"/>
        <Entity template="pallet_01" id="265" pos="-0.37500003 0 -0.5" rot="-0.99619472 0 -0.087155737 0 1 0 0.087155737 0 -0.99619472"/>
        <Entity template="bucket_metal_02" id="277" pos="6.50000048 0.163338736 -7.87500048" rot="0.642787516 0 -0.766044617 0 1 0 0.766044617 -0 0.642787516"/>
        <Entity template="plastic_gallon_white" id="282" pos="7.25 0.171683803 -8.25" rot="-0.984807789 0 0.173648164 0 1 0 -0.173648164 0 -0.984807789"/>
        <Entity template="plastic_gallon_white" id="286" pos="7.125 0.171683803 -7.87500048" rot="-0.906307817 0 0.42261827 0 1 0 -0.42261827 0 -0.906307817"/>
        <Entity template="tire_01" id="290" pos="5.75000048 0.327700019 -8.375" rot="-1 0 0 0 1 0 0 0 -1"/>
        <Entity template="tire_02" id="292" pos="5.75000048 0.115204275 -8.25" rot="-1 0 0 0 1 0 0 0 -1"/>
        <Entity template="bike_01" id="307" pos="-11.125001 0.360156178 5.62500048" rot="-0.454519629 -0.454519391 -0.766044378 -0.707106709 0.707106829 1.04308128e-07 0.54167521 0.54167515 -0.642787695" group="97">
            <Targets num="1" id0="983"/>
        </Entity>
        <Entity template="grass_02" id="315" pos="8.25 0 -6.12500048" rot="-1 0 0 0 1 0 0 0 -1"/>
        <Entity template="grass_02" id="317" pos="8.125 0 -4.875" rot="0.766044199 0 0.642787933 0 1 -0 -0.642787933 0 0.766044199"/>
        <Entity template="grass_02" id="319" pos="3.12499976 0 -2.62499976" rot="0.766043603 0 -0.642788589 0 1 0 0.642788589 -0 0.766043603"/>
        <Entity template="grass_02" id="321" pos="2.375 0 -2.5" rot="-0.939691603 0 0.342023134 0 1 0 -0.342023134 0 -0.939691603"/>
        <Entity template="grass_02" id="325" pos="5.12500048 0 -1.00000036" rot="-0.422618479 0 -0.906307757 0 1 0 0.906307757 0 -0.422618479"/>
        <Entity template="grass_02" id="327" pos="-0.375 0 -1.75" rot="-0.866023779 0 0.500002921 0 1 0 -0.500002921 0 -0.866023779"/>
        <Entity template="grass_02" id="329" pos="1.125 0 -1.00000048" rot="-0.86602515 0 0.500000536 0 1 0 -0.500000536 0 -0.86602515"/>
        <Entity template="grass_02" id="332" pos="-0.87500006 0 -2.62500024" rot="-0.866024196 0 -0.500002205 0 1 0 0.500002205 0 -0.866024196"/>
        <Entity template="grass_02" id="337" pos="-1.50000012 0 -3.50000024" rot="-0.939692259 0 -0.342021316 0 1 0 0.342021316 0 -0.939692259"/>
        <Entity template="grass_02" id="342" pos="-2 0 -3.12500024" rot="-0.342020065 0 -0.939692676 0 1 0 0.939692676 0 -0.342020065"/>
        <Entity template="shrub_03" id="355" pos="6.00000048 0.201024577 -0.25" rot="-0.0871552825 0 0.99619478 0 1 0 -0.99619478 0 -0.0871552825"/>
        <Entity template="shrub_03" id="356" pos="6.25000048 0.201024577 -1.00000048" rot="0.965925932 0 0.258818656 0 1 -0 -0.258818656 0 0.965925932"/>
        <Entity template="shrub_03" id="357" pos="7.875 0.201024577 -8.375" rot="0.642787993 0 0.766044259 0 1 -0 -0.76604414 0 0.642787933"/>
        <Entity template="shrub_03" id="358" pos="7.875 0.201024577 -7.62500048" rot="0.906307936 0 0.422617912 0 1 -0 -0.422617912 0 0.906307936"/>
        <Entity template="shrub_03" id="359" pos="9.25 0.201024577 0.125000238" rot="1 0 -3.42726679e-07 0 1 0 3.7997961e-07 0 1"/>
        <Entity template="fence_metal_01" id="63" pos="5.87500048 1.5866398e-08 0.875000179" rot="-1 0 0 0 1 0 0 0 -1"/>
        <Entity template="fence_metal_01" id="499" pos="-2.82999992 1.5866398e-08 -8.5" rot="8.74227766e-08 0 1 0 1 -0 -1 0 8.74227766e-08"/>
        <Entity template="trashbox_01" id="353" pos="-2.66400003 0.706044257 -4.625" scale="0.899999976" rot="0 0 1 0 1 -0 -1 0 0"/>
        <Entity template="fence_stone_02" id="501" pos="13.500001 0 8.5" rot="-1 0 0 0 1 0 0 0 -1">
            <Wall numTrees="1" numNodes="2">
                <Branch parent="0" p0="-2.74999905 -4.76837158e-07" p1="0 0"/>
            </Wall>
        </Entity>
        <Entity template="fence_stone_02" id="502" pos="12.500001 0 8.5" rot="-1 0 0 0 1 0 0 0 -1">
            <Wall numTrees="1" numNodes="2">
                <Branch parent="0" p0="0 0" p1="4.50000095 0"/>
            </Wall>
        </Entity>
        <Entity template="fence_stone_02" id="503" pos="2.5 0 8.5" rot="-1 0 0 0 1 0 0 0 -1">
            <Wall numTrees="1" numNodes="2">
                <Branch parent="0" p0="0 0" p1="4.5 0"/>
            </Wall>
        </Entity>
        <Entity template="fence_stone_02" id="504" pos="-2.5 0 8.5" rot="-1 0 0 0 1 0 0 0 -1">
            <Wall numTrees="1" numNodes="2">
                <Branch parent="0" p0="0 0" p1="0 -0.25"/>
            </Wall>
        </Entity>
        <Entity template="fence_stone_02" id="505" pos="-6.12500048 0 8.5" rot="-1 0 0 0 1 0 0 0 -1">
            <Wall numTrees="1" numNodes="2">
                <Branch parent="0" p0="0 0" p1="0 -0.25"/>
            </Wall>
        </Entity>
        <Entity template="fence_stone_02" id="506" pos="-6.62500048 0 8.5" rot="-1 0 0 0 1 0 0 0 -1">
            <Wall numTrees="1" numNodes="2">
                <Branch parent="0" p0="0 0" p1="4.37500048 0"/>
            </Wall>
        </Entity>
        <Entity template="fence_stone_02" id="507" pos="-12.000001 0 8.5" rot="-1 0 0 0 1 0 0 0 -1">
            <Wall numTrees="1" numNodes="2">
                <Branch parent="0" p0="0 0" p1="3.99999905 0"/>
            </Wall>
        </Entity>
        <Entity template="fence_stone_02" id="508" pos="-15.625001 0 -8.75" rot="-1 0 0 0 1 0 0 0 -1">
            <Wall numTrees="1" numNodes="2">
                <Branch parent="0" p0="0 0" p1="0 -8.875"/>
            </Wall>
        </Entity>
        <Entity template="fence_stone_02" id="509" pos="-16 0 0.625" rot="-1 0 0 0 1 0 0 0 -1">
            <Wall numTrees="1" numNodes="2">
                <Branch parent="0" p0="0 0" p1="-0.999999046 0"/>
            </Wall>
        </Entity>
        <Entity template="fence_stone_02" id="510" pos="-12.125001 0 0.625" rot="-1 0 0 0 1 0 0 0 -1">
            <Wall numTrees="1" numNodes="2">
                <Branch parent="0" p0="0.375 0" p1="-3.75000095 0"/>
            </Wall>
        </Entity>
        <Entity template="fence_stone_02" id="511" pos="-7.87500048 0 0.125" rot="-1 0 0 0 1 0 0 0 -1">
            <Wall numTrees="1" numNodes="2">
                <Branch parent="0" p0="0 0" p1="-4.76837158e-07 1.50000012"/>
            </Wall>
        </Entity>
        <Entity template="fence_stone_02" id="512" pos="-8.625 0 -9.125" rot="-1 0 0 0 1 0 0 0 -1">
            <Wall numTrees="1" numNodes="2">
                <Branch parent="0" p0="0 0" p1="6.50000095 0"/>
            </Wall>
        </Entity>
        <Entity template="fence_stone_02" id="513" pos="-8.125 0 -10.375" rot="-1 0 0 0 1 0 0 0 -1">
            <Wall numTrees="1" numNodes="1">
                <Branch parent="0" p0="0 0"/>
            </Wall>
        </Entity>
        <Entity template="fence_stone_02" id="520" pos="5.99999952 0 0.75000006" rot="-1 0 0 0 1 0 0 0 -1">
            <Wall numTrees="1" numNodes="2">
                <Branch parent="0" p0="-3.25000048 0" p1="-7.62500143 0"/>
            </Wall>
        </Entity>
        <Entity template="fence_stone_02" id="522" pos="5.12500048 0 -9" rot="-1 0 0 0 1 0 0 0 -1">
            <Wall numTrees="1" numNodes="6">
                <Branch parent="0" p0="0 0" p1="0 -0.5" p2="0 -0.75"/>
                <Branch parent="0" p3="-4.37499952 0" p4="-10.875 0" p5="-10.875 -9.75"/>
            </Wall>
        </Entity>
        <Entity template="fence_stone__pole_02" id="524" pos="-7.875 0 -1.87500012" rot="-1 0 0 0 1 0 0 0 -1"/>
        <Entity template="fence_stone__pole_02" id="525" pos="-13.000001 0 0.625" rot="-1 0 0 0 1 0 0 0 -1"/>
        <Entity template="fence_stone__pole_02" id="526" pos="-14.500001 0 0.625" rot="-1 0 0 0 1 0 0 0 -1"/>
        <Entity template="fence_stone__pole_02" id="527" pos="-11.500001 0 8.5" rot="-1 0 0 0 1 0 0 0 -1"/>
        <Entity template="fence_stone__pole_02" id="528" pos="-6.12500048 0 8.5" rot="-1 0 0 0 1 0 0 0 -1"/>
        <Entity template="fence_stone__pole_02" id="529" pos="-2.50000024 0 8.5" rot="-1 0 0 0 1 0 0 0 -1"/>
        <Entity template="fence_stone__pole_02" id="530" pos="3.00000024 0 8.5" rot="-1 0 0 0 1 0 0 0 -1"/>
        <Entity template="fence_stone__pole_02" id="531" pos="7.50000048 0 8.5" rot="-1 0 0 0 1 0 0 0 -1"/>
        <Entity template="fence_stone__pole_02" id="532" pos="13.000001 0 8.5" rot="-1 0 0 0 1 0 0 0 -1"/>
        <Entity template="Movement Blocker" id="539" pos="16.125 0 8.875" rot="-1 0 0 0 1 0 0 0 -1">
            <Wall numTrees="1" numNodes="26">
                <Branch parent="0" p0="0 0" p1="0 8.5" p2="0.125 8.5" p3="0.125 15.5" p4="0.125 17.75" p5="3.12499905 17.75" p6="7 17.75" p7="10.125 17.75" p8="11.375 17.75" p9="11.375 17" p10="19 17" p11="19 17.875" p12="23.75 17.875" p13="23.75 18.375" p14="24.625 18.375" p15="32.125 18.375" p16="32.125 17.125" p17="32.125 8.625" p18="32.5 8.625" p19="32.5 8.125" p20="32.5 0" p21="22.625 0" p22="22.625 -0.25" p23="18.125 -0.25" p24="18.125 0.125" p25="0.249999046 0"/>
            </Wall>
        </Entity>
        <Entity template="wind_desert_mn" id="543" pos="10.750001 1.60000002 16.875" rot="-1 0 0 0 1 0 0 0 -1">
            <SoundEmitter minAttenuationDistance="14.1" maxAttenuationDistance="24.5"/>
        </Entity>
        <Entity template="ambiance_canyon_01_mn" id="549" pos="-20.5000019 1.60000002 12.875001" rot="-1 0 0 0 1 0 0 0 -1">
            <SoundEmitter minAttenuationDistance="9.3000002" maxAttenuationDistance="17.5"/>
        </Entity>
        <Entity template="Grunt Insurgent" id="557" pos="8.25 0 -3.5" rot="0.965925872 0 0.258819014 0 1 -0 -0.258819014 0 0.965925872">
            <Human needsRescue="false">
                <Traits roamAround="true" roamRadius="4.0999999"/>
            </Human>
        </Entity>
        <Entity template="Pistol Insurgent" id="568" pos="-14.500001 0 1.50000024" rot="0.99619478 0 0.0871559009 0 1 -0 -0.0871558934 0 0.996194661">
            <Human needsRescue="false">
                <Traits roamAround="true"/>
            </Human>
        </Entity>
        <Entity template="sedan_01_glass_door_left" id="614" pos="-13.5806971 5.96046448e-08 4.10117054" rot="-0.906307876 0 -0.42261821 0 1 0 0.42261821 0 -0.906307876" group="97">
            <Targets num="1" id0="1020"/>
        </Entity>
        <Entity template="sedan_01_red" id="615" pos="-14.2037525 0 5.16009092" rot="-0.342020184 0 -0.939692616 0 1 0 0.939692616 0 -0.342020184" group="97">
            <Targets num="1" id0="1021"/>
        </Entity>
        <Entity template="sedan_01_glass_back" id="616" pos="-15.4958286 0 4.68981314" rot="-0.342020184 0 -0.939692616 0 1 0 0.939692616 0 -0.342020184" group="97">
            <Targets num="1" id0="1022"/>
        </Entity>
        <Entity template="sedan_01_glass_right" id="617" pos="-15.021924 0 5.58062172" rot="-0.342020184 0 -0.939692616 0 1 0 0.939692616 0 -0.342020184" group="97">
            <Targets num="1" id0="1023"/>
        </Entity>
        <Entity template="sedan_01_glass_left" id="618" pos="-14.5601959 0 4.31203651" rot="-0.342020184 0 -0.939692616 0 1 0 0.939692616 0 -0.342020184" group="97">
            <Targets num="1" id0="1024"/>
        </Entity>
        <Entity template="sedan_01_glass_front" id="619" pos="-13.6775236 0 5.35162258" rot="-0.342020184 0 -0.939692616 0 1 0 0.939692616 0 -0.342020184" group="97">
            <Targets num="1" id0="1025"/>
        </Entity>
        <Entity template="sedan_01_red_door_right" id="620" pos="-14.2477751 0 6.37463379" rot="0.42261821 0 -0.906307876 0 1 0 0.906307876 -0 0.42261821" group="97">
            <Targets num="1" id0="1026"/>
        </Entity>
        <Entity template="sedan_01_glass_door_right" id="621" pos="-14.4036312 5.96046448e-08 6.34800863" rot="0.42261821 0 -0.906307876 0 1 0 0.906307876 -0 0.42261821" group="97">
            <Targets num="1" id0="1028"/>
        </Entity>
        <Entity template="sedan_01_red_door_left" id="622" pos="-13.4399643 0 4.1900177" rot="-0.906307876 0 -0.42261821 0 1 0 0.42261821 0 -0.906307876" group="97">
            <Targets num="1" id0="1027"/>
        </Entity>
        <Entity template="Decal Blood Splatter 7" id="16" pos="-12.000001 0.937617183 5.25000048" rot="-1 0 0 0 1 0 0 0 -1" group="97">
            <Targets num="1" id0="989"/>
        </Entity>
        <Entity template="Scorch Mark" id="22" pos="-12.000001 0.100000001 5.62500048" rot="-1 0 0 0 1 0 0 0 -1" group="97">
            <Targets num="1" id0="990"/>
        </Entity>
        <Entity template="Decal Blood Splatter 5" id="27" pos="-11.375001 0 6.12500048" rot="-1 0 0 0 1 0 0 0 -1" group="97">
            <Targets num="1" id0="984"/>
        </Entity>
        <Entity template="Decal Blood Splatter 7" id="29" pos="-12.125001 0 5" rot="-1 0 0 0 1 0 0 0 -1" group="97">
            <Targets num="1" id0="991"/>
        </Entity>
        <Entity template="Civilian Female 03" id="76" pos="-15.000001 0 6.37500048" rot="-0.766044438 0 0.642787635 0 1 0 -0.642787635 0 -0.766044438" group="97">
            <Targets num="1" id0="1043"/>
            <Human needsRescue="false">
                <Traits roamRadius="2.0999999"/>
            </Human>
        </Entity>
        <Entity template="Civilian Male 03" id="81" pos="-11.375001 0 6.87500048" rot="-1 0 0 0 1 0 0 0 -1" group="97">
            <Targets num="1" id0="985"/>
            <Human needsRescue="false">
                <Traits/>
            </Human>
        </Entity>
        <Entity template="Civilian Male 09" id="86" pos="-12.750001 0 4" rot="0.965925813 0 -0.258819222 0 1 0 0.258819222 -0 0.965925813" group="97">
            <Targets num="1" id0="1029"/>
            <Human needsRescue="false">
                <Traits/>
            </Human>
        </Entity>
        <Entity template="POI invisible" id="94" pos="-11.875001 1.5395174 5.25000048" rot="-1 0 0 0 1 0 0 0 -1" group="97">
            <Targets num="1" id0="992"/>
            <Interactible durationMinMS="2500" durationMaxMS="4000" look="at"/>
        </Entity>
        <Entity template="POI invisible" id="96" pos="-10.625001 0.993619025 6.00000048" rot="-1 0 0 0 1 0 0 0 -1" group="97">
            <Targets num="1" id0="986"/>
            <Interactible durationMinMS="1000" durationMaxMS="6000" look="at"/>
        </Entity>
        <Entity template="POI invisible" id="101" pos="-12.750001 0.60190028 4.75" rot="-1 0 0 0 1 0 0 0 -1" group="97">
            <Targets num="1" id0="993"/>
            <Interactible durationMinMS="1000" durationMaxMS="5000" look="at"/>
        </Entity>
        <Entity template="POI invisible" id="104" pos="-12.250001 0.60190028 6.37500048" rot="-0.965925872 0 0.258819044 0 1 0 -0.258819044 0 -0.965925872" group="97">
            <Targets num="1" id0="1018"/>
            <Interactible look="at"/>
            <POI forCivs="true"/>
        </Entity>
        <Entity template="POI invisible" id="107" pos="-14.500001 0.60190028 6.12500048" rot="-1 0 0 0 1 0 0 0 -1" group="97">
            <Targets num="1" id0="1044"/>
            <Interactible durationMinMS="6000" durationMaxMS="20000" look="at"/>
            <POI forCivs="true"/>
        </Entity>
        <Entity template="POI invisible" id="113" pos="-13.375001 0.60190028 6.50000048" rot="-0.766044497 0 -0.642787576 0 1 0 0.642787576 0 -0.766044497" group="97">
            <Targets num="1" id0="1040"/>
            <Interactible look="at"/>
            <POI forCivs="true"/>
        </Entity>
        <Entity template="Civ Flee Zone" id="15" pos="15.375001 0.0299999993 3.12500024" rot="1 0 1.41561031e-07 0 1 -0 -1.41561031e-07 0 1"/>
        <Entity template="Civ Flee Zone" id="18" pos="15.375001 0.0299999993 7.50000048" rot="-1 0 0 0 1 0 0 0 -1"/>
        <Entity template="Civ Flee Zone" id="25" pos="-15.375001 0.0299999993 2.75000024" rot="1 0 1.19209304e-07 0 1 -0 -1.19209304e-07 0 1"/>
        <Entity template="Civ Flee Zone" id="26" pos="-15.375001 0.0299999993 7.12500048" rot="1 0 1.1920929e-07 0 1 -0 -1.1920929e-07 0 1"/>
        <Entity template="Civ Flee Zone" id="28" pos="-4.25 0.0299999993 8.5" rot="1 0 1.49011612e-07 0 1 -0 -1.49011612e-07 0 1"/>
        <Entity template="barricade_sack_05" id="92" pos="-3.25000024 0.251298279 -8.5" rot="-1 0 0 0 1 0 0 0 -1"/>
        <Entity template="debris_bottle_broken" id="141" pos="-10.375001 0.0484824926 5.50000048" rot="-1 0 0 0 1 0 0 0 -1" group="97">
            <Targets num="1" id0="987"/>
        </Entity>
        <Entity template="debris_glass_pile" id="143" pos="-10.625001 0.0178397428 5.37500048" rot="-1 0 0 0 1 0 0 0 -1" group="97">
            <Targets num="1" id0="988"/>
        </Entity>
        <Entity template="debris_box_opened" id="155" pos="-1.62500012 0.320647806 -0.750000119" rot="-0.939692676 0 -0.342020154 0 1 0 0.342020154 0 -0.939692676"/>
        <Entity template="POI invisible" id="42" pos="-12.875001 0.60190028 1.125" rot="-1.1920929e-07 0 -1 0 1 0 1 0 -1.1920929e-07">
            <Interactible durationMinMS="6000" look="away"/>
            <POI forEnemies="true"/>
        </Entity>
        <Entity template="Type 56EX Hidden pickup" id="145" pos="-3.87500024 0.23398827 -5.37500048" rot="0.172987357 0.335624039 -0.925976157 0.982379377 0.0087434845 0.186693504 0.0707550868 -0.941955447 -0.328197628"/>
        <Entity template="Terrain" id="159" pos="15.875001 0 -0.5" rot="-1 0 0 0 1 0 0 0 -1">
            <PolyShape num="30" p0="0 0 0" p1="0 0 6.12500048" p2="0 0 8.25" p3="3 0 8.25" p4="6.50000095 0 8.25" p5="9.625 0 8.25" p6="10.625 0 8.25" p7="10.625 0 7.5" p8="18.6250019 0 7.5" p9="18.6250019 0 8.375" p10="23.6250019 0 8.375" p11="23.625 0 8.875" p12="24.25 0 8.875" p13="31.75 0 8.875" p14="31.7500019 0 7.625" p15="31.7500019 0 -1.375" p16="32.125 0 -1.375" p17="32.125 0 -9.25" p18="22.2500019 0 -9.25" p19="22.2500019 0 -9.5" p20="18.1250019 0 -9.5" p21="18.125 0 -9.25" p22="12.500001 0 -9.25" p23="12.500001 0 -9" p24="8.625 0 -9" p25="8.625 0 -9.25" p26="-0.124999046 0 -9.25" p27="-0.125 0 -9.25" p28="-0.124999046 0 0" p29="0 0 0"/>
        </Entity>
        <Entity template="POI invisible" id="294" pos="6.87500048 0.60190028 -4.625" rot="-1 0 0 0 1 0 0 0 -1"/>
        <Entity template="POI invisible" id="295" pos="6.75 0.60190028 -7.75000048" rot="-0.173648328 0 -0.984807789 0 1 0 0.984807789 0 -0.173648328"/>
        <Entity template="POI invisible" id="296" pos="8.375 0.60190028 0.25000003" rot="-0.173648328 0 -0.984807789 0 1 0 0.984807789 0 -0.173648328"/>
        <Entity template="Foreign Advisor" id="91" pos="2.75000024 0 -0.375" rot="-1 0 0 0 1 0 0 0 -1">
            <Human needsRescue="false">
                <Traits investigateMaxDistanceMeters="19" chanceToInvestigate="0.31999999" chanceToAmbush="0.81999999"/>
            </Human>
        </Entity>
        <Entity template="Grunt Insurgent Weaponless" id="170" pos="4 0 -2.125" rot="1 0 1.63912773e-07 0 1 -0 -1.63912773e-07 0 1">
            <Human needsRescue="false">
                <Traits investigateMaxDistanceMeters="20" chanceToInvestigate="0.88" chanceToAmbush="0.1"/>
            </Human>
        </Entity>
        <Entity template="Grunt Insurgent Weaponless" id="229" pos="2.75000024 0 -2.125" rot="1 0 1.63912773e-07 0 1 -0 -1.63912773e-07 0 1">
            <Human needsRescue="false">
                <Traits investigateMaxDistanceMeters="20" chanceToInvestigate="0.77999997" chanceToAmbush="0.029999999"/>
            </Human>
        </Entity>
        <Entity template="Grunt Insurgent Weaponless" id="230" pos="1.37500012 0 -2.125" rot="1 0 1.63912773e-07 0 1 -0 -1.63912773e-07 0 1">
            <Human needsRescue="false">
                <Traits investigateMaxDistanceMeters="20" chanceToInvestigate="0.75" chanceToAmbush="0"/>
            </Human>
        </Entity>
        <Entity template="Grunt Insurgent Weaponless" id="237" pos="4 0 -3.25000024" rot="1 0 1.63912773e-07 0 1 -0 -1.63912773e-07 0 1">
            <Human needsRescue="false">
                <Traits investigateMaxDistanceMeters="23" chanceToInvestigate="0.76999998" chanceToAmbush="0.1"/>
            </Human>
        </Entity>
        <Entity template="Grunt Insurgent Weaponless" id="270" pos="2.62500024 0 -3.12500024" rot="1 0 1.63912773e-07 0 1 -0 -1.63912773e-07 0 1">
            <Human needsRescue="false">
                <Traits investigateMaxDistanceMeters="21" chanceToInvestigate="0.81999999" chanceToAmbush="0.11"/>
            </Human>
        </Entity>
        <Entity template="Veteran Insurgent" id="312" pos="4.25 0 -0.5" rot="-0.766044497 0 -0.642787576 0 1 0 0.642787576 0 -0.766044497">
            <Human needsRescue="false">
                <Traits chanceToInvestigate="0.89999998" roamAround="true" roamRadius="1.3"/>
            </Human>
        </Entity>
        <Entity template="Grunt Insurgent Weaponless" id="273" pos="1.25 0 -3.12500024" rot="1 0 1.63912773e-07 0 1 -0 -1.63912773e-07 0 1">
            <Human needsRescue="false">
                <Traits investigateMaxDistanceMeters="27" chanceToInvestigate="0.72000003" chanceToAmbush="0.079999998"/>
            </Human>
        </Entity>
        <Entity template="EvacZone" id="154" pos="10.625001 0.0299999993 7.12500048" rot="1 0 0 0 1 0 0 0 1" group="39"/>
        <Entity template="POI invisible" id="350" pos="1.87500012 0.60190028 -0.37499997" rot="1 0 0 0 1 0 0 0 1">
            <POI forEnemies="true"/>
        </Entity>
        <Entity template="POI invisible" id="354" pos="5 0.60190028 -0.625" rot="1 0 0 0 1 0 0 0 1">
            <Interactible look="away"/>
            <POI forEnemies="true"/>
        </Entity>
        <Entity template="POI invisible" id="362" pos="5 0.60190028 -1.50000012" rot="1 0 0 0 1 0 0 0 1">
            <Interactible look="away"/>
            <POI forEnemies="true"/>
        </Entity>
        <Entity template="POI invisible" id="365" pos="3.87500024 0.60190028 -0.125" rot="1 0 0 0 1 0 0 0 1">
            <Interactible look="away"/>
            <POI forEnemies="true"/>
        </Entity>
        <Entity template="shrub_03" id="37" pos="-15.6954098 0.201024577 7.90984678" rot="0.469471514 0 -0.882947683 0 1 0 0.882947683 -0 0.469471514"/>
        <Entity template="shrub_03" id="85" pos="-15.6066608 0.201024577 7.39214659" rot="-0.87462002 0 -0.484809041 0 1 0 0.484809041 0 -0.87462002"/>
        <Entity template="shrub_03" id="302" pos="-14.8375063 0.201024577 7.59922647" rot="0.629320681 0 0.777145743 0 1 -0 -0.777145743 0 0.629320681"/>
        <Entity template="shrub_03" id="364" pos="-14.3050146 0.201024577 7.95422125" rot="-0.898793757 0 0.438372016 0 1 0 -0.438371956 0 -0.898793638"/>
        <Entity template="shrub_03" id="366" pos="-7.47137213 0.201024577 8.11692715" rot="-0.190806717 0 0.981627703 0 1 0 -0.981627703 0 -0.190806717"/>
        <Entity template="shrub_03" id="367" pos="-6.82054949 0.201024577 8.05776119" rot="0.515035391 0 -0.857168913 0 1 0 0.857168913 -0 0.515035391"/>
        <Entity template="shrub_03" id="368" pos="-6.21409988 0.201024577 7.82109785" rot="0.788012981 0 0.615658641 0 1 -0 -0.615658641 0 0.788012981"/>
        <Entity template="shrub_03" id="369" pos="-8.09261227 0.201024577 7.7027669" rot="0.984808505 0 0.173644066 0 1 -0 -0.173644066 0 0.984808505"/>
        <Entity template="shrub_03" id="370" pos="-1.15542853 0.201024577 7.90984678" rot="0.65605557 0 -0.754712582 0 1 0 0.754712582 -0 0.65605557"/>
        <Entity template="shrub_03" id="371" pos="-0.800434113 0.201024577 7.65839243" rot="0.29236725 0 -0.9563061 0 1 0 0.956306219 -0 0.29236728"/>
        <Entity template="shrub_03" id="372" pos="-0.0756534338 0.201024577 8.02817917" rot="-0.990268826 0 -0.13916786 0 1 0 0.13916786 0 -0.990268826"/>
        <Entity template="shrub_03" id="373" pos="8.17796612 0.201024577 8.05776119" rot="-0.984809399 0 -0.173639521 0 1 0 0.173639506 0 -0.984809279"/>
        <Entity template="shrub_03" id="374" pos="8.38504696 0.201024577 7.98380327" rot="0.766038358 0 -0.642794847 0 1 0 0.642794847 -0 0.766038358"/>
        <Entity template="shrub_03" id="375" pos="9.05066109 0.201024577 7.88026381" rot="-0.987689853 0 -0.156425148 0 1 0 0.156425148 0 -0.987689853"/>
        <Entity template="shrub_03" id="376" pos="12.6449795 0.201024577 8.07255268" rot="0.275647461 0 0.961258888 0 1 -0 -0.961258888 0 0.275647461"/>
        <Entity template="shrub_03" id="377" pos="13.5176735 0.201024577 8.07255268" rot="0.970293283 0 -0.241931915 0 1 0 0.241931915 -0 0.970293283"/>
        <Entity template="shrub_03" id="378" pos="14.5974483 0.201024577 7.96901226" rot="0.0523467064 0 0.998629034 0 1 -0 -0.998629034 0 0.0523467064"/>
        <Entity template="shrub_03" id="379" pos="15.041193 0.201024577 7.77672386" rot="0.994520843 0 -0.104539126 0 1 0 0.104539126 -0 0.994520843"/>
        <Entity template="shrub_03" id="380" pos="15.4997253 0.201024577 7.30339766" rot="0.438380897 0 0.898789287 0 1 -0 -0.898789287 0 0.438380897"/>
        <Entity template="shrub_03" id="381" pos="15.7215977 0.201024577 7.14069223" rot="0.898798943 0 0.438361347 0 1 -0 -0.438361287 0 0.898798823"/>
        <Entity template="shrub_03" id="382" pos="15.9878426 0.201024577 6.9188199" rot="0.309006751 0 -0.951059937 0 1 0 0.951059818 -0 0.309006721"/>
        <Entity template="shrub_03" id="383" pos="16.0174274 0.201024577 8.05776119" rot="-0.933576465 0 0.35837847 0 1 0 -0.35837844 0 -0.933576345"/>
        <Entity template="shrub_03" id="384" pos="15.0263996 0.201024577 8.27963257" rot="0.788017869 0 0.615652502 0 1 -0 -0.615652502 0 0.788017869"/>
        <Entity template="shrub_03" id="385" pos="0.517551064 0.201024577 1.11616313" rot="-0.669139564 0 -0.743136764 0 1 0 0.743136764 0 -0.669139564"/>
        <Entity template="shrub_03" id="386" pos="1.17312109 0.201024577 1.28327" rot="0.882953644 0 0.469460338 0 1 -0 -0.469460338 0 0.882953644"/>
        <Entity template="shrub_03" id="387" pos="1.91867161 0.201024577 1.23185289" rot="0.997563004 0 -0.0697712004 0 1 0 0.0697712004 -0 0.997563004"/>
        <Entity template="shrub_03" id="388" pos="-15.7817211 0.201024577 1.24470794" rot="-0.207895368 0 0.978151143 0 1 0 -0.978151143 0 -0.207895368"/>
        <Entity template="shrub_03" id="389" pos="11.6984386 0.201024577 1.12768924" rot="0.0523189455 0 -0.998630524 0 1 0 0.998630524 -0 0.0523189455"/>
        <Entity template="shrub_03" id="390" pos="12.4850483 0.201024577 1.16514671" rot="-0.0697740018 0 -0.997562885 0 1 0 0.997562885 0 -0.0697740018"/>
        <Entity template="shrub_03" id="391" pos="13.1218281 0.201024577 1.05277431" rot="-0.50001657 0 -0.866015971 0 1 0 0.866015851 0 -0.50001651"/>
        <Entity template="shrub_03" id="392" pos="15.0270958 1.19723547 1.20789397" rot="-1.89244765e-05 0 -1 0 1 0 1 0 -1.89244765e-05"/>
        <Entity template="shrub_03" id="393" pos="15.5326862 0.201024577 1.15317106" rot="0.642773032 0 -0.766056657 0 1 0 0.766056776 -0 0.642773092"/>
        <Entity template="shrub_03" id="394" pos="15.7951212 0.201024577 -0.0974358693" rot="-0.743132114 0 0.669144809 0 1 0 -0.669144809 0 -0.743132114"/>
        <Entity template="wooden_fence_01" id="396" pos="15.4279852 0.51609081 1.29998147" rot="0.173648268 0 0.984807789 0 1 -0 -0.984807789 0 0.173648268"/>
        <Entity template="shrub_03" id="401" pos="7.02369356 0.201024577 1.14900506" rot="-0.0697593912 0 -0.997563839 0 1 0 0.997563839 0 -0.0697593912"/>
        <Entity template="shrub_03" id="402" pos="6.47913074 0.201024577 1.42906606" rot="0.121872507 0 0.992545843 0 1 -0 -0.992545843 0 0.121872507"/>
        <Entity template="shrub_03" id="403" pos="5.96568537 0.201024577 1.39794815" rot="0.992545843 0 -0.121872768 0 1 0 0.121872753 -0 0.992545724"/>
        <Entity template="bush_03" id="405" pos="5.59227085 8.74227695e-08 1.32015336" rot="-0.35836798 0 -0.933580518 0 1 0 0.933580518 0 -0.35836798"/>
        <Entity template="bush_03" id="406" pos="15.5027924 8.74227695e-08 1.2755897" rot="-0.95105654 0 0.309017062 0 1 0 -0.309017062 0 -0.95105654"/>
        <Entity template="decal_scratches_large_01" id="424" pos="4.49621487 0.00999999978 3.02163935" scale="1.30000007" rot="0.965925872 0 -0.258819044 0 1 0 0.258819044 -0 0.965925872"/>
        <Entity template="decal_scratches_large_01" id="425" pos="7.38080215 0.00999999978 3.03557396" scale="1.30000007" rot="0.34202072 0 0.939692438 0 1 -0 -0.939692438 0 0.34202072"/>
        <Entity template="decal_scratches_large_01" id="426" pos="13.9303474 0.00999999978 3.5651114" scale="1.30000007" rot="0.956305265 0 0.29237023 0 1 -0 -0.29237023 0 0.956305265"/>
        <Entity template="decal_scratches_large_01" id="427" pos="-8.85370827 0.00999999978 5.042243" scale="1.30000007" rot="0.469473422 0 0.88294673 0 1 -0 -0.88294661 0 0.469473362"/>
        <Entity template="decal_scratches_large_01" id="428" pos="-11.5153313 0.00999999978 3.56511164" scale="1.30000007" rot="-0.615658641 0 0.788012981 0 1 0 -0.788012981 0 -0.615658641"/>
        <Entity template="decal_scratches_large_01" id="429" pos="-5.38384247 0.00999999978 3.91349077" scale="1.30000007" rot="-0.642784595 0 0.766046941 0 1 0 -0.766046941 0 -0.642784595"/>
        <Entity template="decal_scratches_large_01" id="430" pos="-6.78206539 0.00999999978 -5.07588196" scale="0.699999928" rot="0.956307769 0 0.292361706 0 1 -0 -0.292361736 0 0.956307888"/>
        <Entity template="planks_panel_01" id="432" pos="3.67438674 0.00999999978 1.4861213" rot="0.99619478 0.0754791051 0.0435778759 -3.7252903e-09 0.5 -0.866025448 -0.0871557593 0.862729907 0.49809733"/>
        <Entity template="blocks_bricks_papers_crates_planks_window_pile_03" id="434" pos="-3.44715977 0.00999999978 -8.17247486" rot="-0.707106888 0 -0.707106709 0 1 0 0.707106709 0 -0.707106888"/>
        <Entity template="ladder" id="448" pos="-1.53863764 1.06177425 -7.30650806" rot="0.99619472 0.0225575622 -0.0841859728 -1.86264537e-09 0.965925932 0.258819073 0.087155737 -0.257834136 0.962250173"/>
        <Entity template="weapon_crate" id="451" pos="-3.01356936 0 -3.05881166" rot="0.99619472 0 0.0871557295 0 1 -0 -0.0871557295 0 0.99619472"/>
        <Entity template="weapon_crate" id="452" pos="-2.23830032 0 -1.7231071" rot="0.0871558264 0 0.99619472 0 1 -0 -0.99619472 0 0.0871558264"/>
        <Entity template="weapon_crate_open" id="454" pos="-2.41577148 0.350675344 -2.41431069" rot="0.866025388 0 0.49999994 0 1 -0 -0.5 0 0.866025507"/>
        <Entity template="Type 56 Hidden pickup" id="456" pos="-2.67656016 0.520921886 -3.03704071" rot="0.49999994 0.866025388 -1.09690674e-07 -3.19744231e-14 1.26659913e-07 1 0.866025507 -0.5 6.33299777e-08"/>
        <Entity template="Type 56 Hidden pickup" id="457" pos="-2.50989294 0.519945323 -2.41703629" rot="-0.5 -0.866025507 1.09690696e-07 -2.84217094e-14 1.26659913e-07 1 -0.866025388 0.49999994 -6.33299706e-08"/>
        <Entity template="Type 56 Hidden pickup" id="458" pos="-2.12989306 0.519945323 -1.79036939" rot="-0.5 -0.866025507 1.09690696e-07 -2.84217094e-14 1.26659913e-07 1 -0.866025388 0.49999994 -6.33299706e-08"/>
