<Map name="@map_maniacsmansion">
    <Scenario type="None" numDeployableTroops="8" referenceWinTimeSeconds="70.999001" challenges="0" nightMission="false"/>
    <Graphics fogColor="E8C47C" fogDensity="0" windSpeed="0.082000002" windDirection="287" cloudDensity="0" waterClarity="0.94999999" rainAmount="0" terrainNormalsStrength="1" terrainSharpness="0.5" gossaoStrength="3" gossaoStrengthTerrain="5" gossaoDirectionalOcclusion="0" gossaoLevelsMin="0.050000001"/>
    <Terrain widthMeters="86" heightMeters="44">
        <Materials num="5" mat0="pavement_02" mat1="fancy" mat2="tiles" mat3="tiles_02" mat4="floor_wood"/>
    </Terrain>
    <MusicTracks/>
    <Layers used="3"/>
    <Entities>
        <Entity template="Light Ambiental" id="1965" pos="-41.625 2 -21.75" rot="1 -0 0 0 1 -0 0 0 1">
            <Light color0="FFFFFF" color1="818181" colorMultiplier="0.37" isIndoorLight="true" startDisabled="false"/>
        </Entity>
        <Entity template="Light Ambiental" id="1966" pos="-40.625 2 -21.75" rot="1 -0 0 0 1 -0 0 0 1">
            <Light color0="CCD7FB" color1="696B7D" colorMultiplier="0.37" isIndoorLight="false" startDisabled="false"/>
        </Entity>
        <Entity template="Light Directional" id="1967" pos="-39.625 2 -21.75" rot="0.870135665 0.158938795 0.46649012 0.286195099 0.607637584 -0.740864933 -0.401207477 0.778154135 0.483236641">
            <Light color="FFE2CE" colorMultiplier="1.46" isIndoorLight="false" startDisabled="false"/>
        </Entity>
        <Entity template="Default Effect (Outdoors)" id="1968" pos="-38.625 2 -21.75" rot="1 -0 0 0 1 -0 0 0 1">
            <SoundShader effectID="EFX_REVERB_OUTDOOR" defaultIndoors="false" defaultOutdoors="true"/>
        </Entity>
        <Entity template="Default Effect (Indoors)" id="1969" pos="-37.625 2 -21.75" rot="1 -0 0 0 1 -0 0 0 1">
            <SoundShader effectID="EFX_REVERB_INDOOR" defaultIndoors="true" defaultOutdoors="false"/>
        </Entity>
        <Entity template="tea_pot" id="1122" pos="-15.2808018 0.883395493 -0.536969662" rot="0.42261821 0 -0.906307876 0 1 0 0.906307876 0 0.42261821"/>
        <Entity template="tea_cup" id="1123" pos="-9.91205978 0.502613425 -6.12300587" rot="1 0 0 -0 1 0 0 -0 1"/>
        <Entity template="tea_cup" id="1124" pos="-15.2158031 0.6647228 -0.681969166" rot="1 0 0 0 1 0 0 0 1"/>
        <Entity template="tea_cup" id="1125" pos="-15.1008053 0.6647228 -0.701969624" rot="1 0 0 -0 1 0 0 -0 1"/>
        <Entity template="tea_cup" id="1126" pos="-15.0908031 0.6647228 -0.556969166" rot="1 0 0 0 1 0 0 0 1"/>
        <Entity template="tray_brass" id="1127" pos="-15.2158031 0.616785407 -0.596970081" rot="1 0 0 -0 1 0 0 -0 1"/>
        <Entity template="pillar_deco_02_02" id="1131" pos="-9.0030098 0 -1.90734863e-06" rot="2.16066837e-07 0 -1.00000036 0 1 0 1.00000036 0 2.16066837e-07"/>
        <Entity template="pillar_deco_02_02" id="1133" pos="-9.00300121 0 -8.00000191" rot="2.16066837e-07 0 -1.00000036 0 1 0 1.00000036 0 2.16066837e-07"/>
        <Entity template="vase_large_01" id="1134" pos="-16.3780022 -5.75679904e-09 -4.75000191" rot="0.0871559829 0 -0.996195078 0 1 0 0.996195078 0 0.0871559829"/>
        <Entity template="vase_large_01" id="1135" pos="-9.76205826 -5.75679904e-09 -5.31300545" rot="0.173648447 0 -0.984808147 0 1 0 0.984808147 0 0.173648447"/>
        <Entity template="vase_large_02" id="1136" pos="-12.5030098 0 -5.12500191" rot="0.642787814 0 -0.766044497 0 1 0 0.766044497 0 0.642787814"/>
        <Entity template="vase_large_01" id="1137" pos="-15.4658031 -5.75679904e-09 0.0680308342" rot="0.984807789 0 0.173648164 0 1 0 -0.173648164 0 0.984807789"/>
        <Entity template="vase_large_01" id="1138" pos="-15.5080032 -5.75679904e-09 -7.94000244" rot="-8.74227766e-08 0 -1 0 1 0 1 0 -8.74227766e-08" group="20"/>
        <Entity template="plant_interior_04" id="1153" pos="-15.4430008 0.922968388 -7.92000198" rot="-0.422611415 -3.69458633e-08 0.906310976 -1.66654999e-07 1 -3.69458633e-08 -0.906310976 -1.66654999e-07 -0.422611415" group="20"/>
        <Entity template="vase_large_01" id="1140" pos="-10.3468428 -5.75679904e-09 -0.0754013062" rot="0.965926349 0 -0.258819163 0 1 0 0.258819163 0 0.965926349"/>
        <Entity template="vase_large_01" id="1141" pos="-9.72184372 -5.75679904e-09 -2.70040321" rot="0.258819342 0 0.965926588 0 1 0 -0.965926588 0 0.258819342"/>
        <Entity template="vase_large_01" id="1142" pos="-13.0030098 -5.75679904e-09 -5.50000191" rot="-0.173648223 0 0.984808743 0 1 0 -0.984808743 0 -0.173648223"/>
        <Entity template="plant_interior_02" id="1143" pos="-16.3780022 0.800000012 -4.75000191" rot="1 0 0 -0 1 0 0 -0 1"/>
        <Entity template="plant_interior_06" id="1144" pos="-12.4200001 1.29999995 -5.07999992" rot="0.573576272 0 -0.819152117 0 1 0 0.819152117 0 0.573576272"/>
        <Entity template="plant_interior_06" id="1145" pos="-13.3630104 0.629999995 -2.44000006" rot="0.422617882 0 0.906307936 -0 1 0 -0.906307936 -0 0.422617882"/>
        <Entity template="plant_interior_02" id="1148" pos="-12.9430122 1.38 -5.58000183" rot="-0.573575735 -5.01435835e-08 0.819152594 -1.5903538e-07 1 -5.01435835e-08 -0.819152594 -1.5903538e-07 -0.573575735"/>
        <Entity template="plant_interior_02" id="1149" pos="-9.72184181 0.800000012 -2.70040226" rot="-0.342018872 2.99002387e-08 -0.939693093 5.27219868e-09 1 2.99002387e-08 0.939693093 5.27219868e-09 -0.342018872"/>
        <Entity template="plant_interior_02" id="1150" pos="-9.76205635 0.819999993 -5.3130064" rot="0.422617018 0 -0.906308293 0 1 0 0.906308293 0 0.422617018"/>
        <Entity template="plant_interior_04" id="1151" pos="-15.4658031 0.92394495 0.0680298805" rot="0.0871559754 0 0.996194959 0 1 0 -0.996194959 0 0.0871559754"/>
        <Entity template="plant_interior_04" id="1154" pos="-11.0030088 0.922968388 -8.12500381" rot="-0.766046822 0 0.642790318 0 1 0 -0.642790318 0 -0.766046822" group="21"/>
        <Entity template="vase_large_01" id="1159" pos="-11.0030088 -5.75679904e-09 -8.12500191" rot="1.41561031e-07 0 -1.00000083 0 1 0 1.00000083 0 1.41561031e-07" group="21"/>
        <Entity template="plant_pot" id="1155" pos="-12.2530098 0.661393762 -5.75" rot="1 0 0 0 1 0 0 0 1"/>
        <Entity template="plant_interior_07" id="1157" pos="-12.2530098 0.995446146 -5.75000191" rot="0.819152176 0 0.57357645 0 1 0 -0.57357645 0 0.819152176"/>
        <Entity template="plant_interior_07" id="1158" pos="-12.7799997 1.08528996 -2.74000001" rot="0.766044319 0 0.642787814 -0 1 0 -0.642787814 -0 0.766044319"/>
        <Entity template="chair_lux_01" id="1161" pos="-9.76205826 0.62717545 -7.43800545" rot="2.16066837e-07 0 -1.00000036 0 1 0 1.00000036 0 2.16066837e-07"/>
        <Entity template="chair_lux_01" id="1162" pos="-10.5120573 0.62717545 -5.5630064" rot="0.573576987 0 0.819153011 0 1 0 -0.819153011 0 0.573576987"/>
        <Entity template="chair_lux_01" id="1163" pos="-9.56684303 0.62717551 -1.57540226" rot="-0.939692497 8.21505282e-08 -0.342020452 1.17323154e-07 1 -8.21505282e-08 0.342020452 -1.17323154e-07 -0.939692497"/>
        <Entity template="chair_lux_01" id="1164" pos="-11.5968437 0.62717551 -0.825401783" rot="0.939696133 -4.78915263e-09 0.342021704 3.7252903e-08 1.00000012 -7.4505806e-09 -0.342021734 5.70749226e-09 0.939696252"/>
        <Entity template="chair_lux_01" id="1165" pos="-15.2158031 0.62717545 -1.43197012" rot="-0.984808683 0 0.173648715 0 1 0 -0.173648715 0 -0.984808683"/>
        <Entity template="chair_lux_01" id="1166" pos="-16.1308041 0.62717545 -0.681969166" rot="-8.74227766e-08 0 1 0 1 0 -1 0 -8.74227766e-08"/>
        <Entity template="chair_lux_01" id="1167" pos="-15.4658031 0.62717545 -2.6819706" rot="-0.766044855 0 -0.642788291 0 1 0 0.642788291 0 -0.766044855"/>
        <Entity template="coffee_table_01" id="1168" pos="-16.2667732 0 -6.34135628" rot="0.984807789 0 -0.173648179 0 1 0 0.173648179 0 0.984807789"/>
        <Entity template="tray_brass" id="1169" pos="-10.4718428 1.01522303 -2.32540417" rot="1 0 0 0 1 0 0 0 1"/>
        <Entity template="tea_pot" id="1171" pos="-10.4718428 1.28183305 -2.45040321" rot="0.965925872 0 0.258819044 0 1 0 -0.258819044 0 0.965925872"/>
        <Entity template="tea_cup" id="1176" pos="-10.4718428 1.0631603 -2.20040417" rot="1 0 0 0 1 0 0 0 1"/>
        <Entity template="lamp_small_01" id="1177" pos="-10.8520575 1.34494758 -7.49800491" rot="1 0 0 -0 1 0 0 -0 1"/>
        <Entity template="coffee_table_01" id="1178" pos="-9.67205811 0 -6.37300587" rot="0.642787457 0 0.766044497 -0 1 0 -0.766044497 -0 0.642787457"/>
        <Entity template="coffee_table_01" id="1179" pos="-10.5268431 0 -1.20040321" rot="0.573576272 0 -0.819152117 0 1 0 0.819152117 0 0.573576272"/>
        <Entity template="coffee_table_01" id="1180" pos="-16.0908031 0 -1.80696917" rot="-0.766044676 0 0.642788231 0 1 0 -0.642788231 0 -0.766044676"/>
        <Entity template="lamp_small_01" id="1181" pos="-16.3408031 0.784400582 -2.05696917" rot="1 0 0 0 1 0 0 0 1"/>
        <Entity template="lamp_small_01" id="1182" pos="-10.5968428 0.784400582 -1.20040226" rot="1 0 0 0 1 0 0 0 1"/>
        <Entity template="lamp_small_01" id="1183" pos="-9.51205635 0.784400582 -6.43800449" rot="1 0 0 0 1 0 0 0 1"/>
        <Entity template="pillow_hotel_02" id="1185" pos="-16.0908031 0.850000024 -0.681969166" rot="0.999678493 -0.0193823818 -0.0163474828 0.0250551663 0.656121314 0.75423944 -0.00389302522 -0.754406512 0.656395972"/>
        <Entity template="pillow_hotel_02" id="1186" pos="-9.76205826 0.904090464 -7.43800545" rot="0.998058498 0.0378761105 0.0494510308 -0.00154011697 0.80865109 -0.588288307 -0.0622706786 0.587069511 0.807139099"/>
        <Entity template="pillow_hotel_01" id="1188" pos="-9.47184372 0.920413792 -1.57540226" rot="0.777676761 -0.602565527 0.179260507 0.622640133 0.777629733 -0.0872504637 -0.0868241265 0.179467276 0.979925811"/>
        <Entity template="vase_large_01" id="1211" pos="-13.3230095 -5.75679904e-09 -2.42000198" rot="0.906307757 0 -0.422618359 0 1 0 0.422618359 0 0.906307757"/>
        <Entity template="plant_interior_03" id="1212" pos="-13.5930099 0.839999974 -3.03000164" rot="0.707105458 -4.66362913e-08 -0.70710808 1.3756646e-07 1 7.16123978e-08 0.70710808 -1.47911877e-07 0.707105458"/>
        <Entity template="vase_large_02" id="1213" pos="-13.5030098 0 -2.95000172" rot="-0.86602509 7.5710318e-08 0.500000536 1.31134215e-07 1 7.5710318e-08 -0.500000536 1.31134215e-07 -0.86602509"/>
        <Entity template="pillar_deco_04" id="1216" pos="-14.3779926 0 -11.375001" rot="1 0 0 0 1 0 0 0 1"/>
        <Entity template="pillar_deco_04" id="1217" pos="-11.6280098 0 -11.375001" rot="1 0 0 0 1 0 0 0 1"/>
        <Entity template="hookah_01" id="1218" pos="-13.3780098 0 -5.00000191" rot="1 0 0 0 1 0 0 0 1"/>
        <Entity template="hookah_01" id="1219" pos="-16.0908031 0.440453112 -1.55697012" rot="0.707106948 0 -0.707106829 0 1 0 0.707106829 0 0.707106948"/>
        <Entity template="hookah_01" id="1220" pos="-9.72184181 0 -0.82540369" rot="-0.5 0 -0.866025925 0 1 0 0.866025925 0 -0.5"/>
        <Entity template="magazine_05" id="1221" pos="-10.3468428 0.440453112 -1.57540226" rot="0.258819342 0 0.965926349 0 1 0 -0.965926349 0 0.258819342"/>
        <Entity template="pottery_04_02" id="1222" pos="-13.6280098 0.849855542 -3.48000145" rot="1 0 0 -0 1 0 0 -0 1"/>
        <Entity template="pottery_02" id="1223" pos="-13.8780098 0.19632566 -3.62500191" rot="1 0 0 0 1 0 0 0 1"/>
        <Entity template="pillar_deco_02_02" id="1225" pos="-14.2529945 0 -9.53674316e-07" rot="2.16066837e-07 0 -1.00000036 0 1 0 1.00000036 0 2.16066837e-07"/>
        <Entity template="pillar_deco_02_02" id="1226" pos="-11.7530098 0 -9.53674316e-07" rot="2.16066837e-07 0 -1.00000036 0 1 0 1.00000036 0 2.16066837e-07"/>
        <Entity template="chair_hotel_outdoor" id="1234" pos="-0.127952576 0.418451041 -11.0000019" rot="-0.258819103 0 0.965926468 0 1 0 -0.965926468 0 -0.258819103">
            <Targets num="1" id0="1234"/>
        </Entity>
        <Entity template="chair_hotel_outdoor" id="1235" pos="-1.75295258 0.418451041 -11.5" rot="0.866025746 0 0.500000119 0 1 0 -0.500000119 0 0.866025746"/>
        <Entity template="coffee_table_01" id="1236" pos="-0.627948761 0 -12.2500019" rot="1 0 0 0 1 0 0 0 1"/>
        <Entity template="high_stand" id="1269" pos="-10.7620573 0.503678262 -7.43800545" rot="1 0 0 0 1 0 0 0 1"/>
        <Entity template="bed_hotel_01" id="1284" pos="-13.0030098 0.689875841 -14.625" rot="2.16066837e-07 0 -1.00000036 0 1 0 1.00000036 0 2.16066837e-07"/>
        <Entity template="pillow_hotel_03" id="1285" pos="-13.2530098 1.04999995 -15.1850014" rot="0.994521916 0.104528464 1.86264515e-09 -0.0999610722 0.951066077 -0.29237169 -0.0305611659 0.290770054 0.956304789"/>
        <Entity template="pillow_hotel_03" id="1286" pos="-12.6280098 1.03999996 -15.1949997" rot="0.997564018 -0.0697564706 1.86264515e-09 0.0629611611 0.900386572 -0.430511147 0.030030936 0.429462433 0.902585268"/>
        <Entity template="nightstand_03" id="1289" pos="-14.5029936 0 -15.2849998" rot="0.965925813 0 0.258819044 -0 1 0 -0.258819044 -0 0.965925813"/>
        <Entity template="lamp_small_01" id="1291" pos="-14.5029936 0.946510017 -15.4150009" rot="0.258818209 0 0.965926051 -0 1 0 -0.965926051 -0 0.258818209"/>
        <Entity template="lamp_small_01" id="1292" pos="-11.3780098 0.946509957 -15.4249992" rot="0.766044438 0 -0.642787635 0 1 0 0.642787635 0 0.766044438"/>
        <Entity template="pillar_deco_04" id="1293" pos="-11.6280098 -4.27500175e-19 -11.625001" rot="-1.00000072 0 -3.94880772e-07 0 1 0 3.94880772e-07 0 -1.00000072"/>
        <Entity template="pillar_deco_04" id="1294" pos="-14.3779945 -4.27500175e-19 -11.625001" rot="-1.00000072 0 -3.94880772e-07 0 1 0 3.94880772e-07 0 -1.00000072"/>
        <Entity template="high_stand" id="1310" pos="-16.5030098 0.503678262 -12.000001" rot="1 0 0 0 1 0 0 0 1"/>
        <Entity template="vase_large_03" id="1319" pos="-14.8780117 0 -12.1200018" rot="1 0 0 -0 1 0 0 -0 1"/>
        <Entity template="towels_01" id="1326" pos="-10.6282969 0.69358629 -15.1244326" rot="0.819152653 0 0.573576987 0 1 0 -0.573576987 0 0.819152653"/>
        <Entity template="plant_interior_06" id="1327" pos="-14.8780098 1.25303662 -12.2300005" rot="0.0871525481 0 -0.996194959 0 1 0 0.996194959 0 0.0871525481"/>
        <Entity template="pottery_04_02" id="1329" pos="-16.3780098 1.17016816 -12.000001" rot="1 0 0 0 1 0 0 0 1"/>
        <Entity template="plant_interior_01" id="1331" pos="-2.87794876 0.469999999 -10.750001" rot="-0.500000238 0 0.866025984 0 1 0 -0.866025984 0 -0.500000238"/>
        <Entity template="plant_pot" id="1332" pos="-2.87794876 0.661393762 -10.750001" rot="-0.500000238 0 0.866025984 0 1 0 -0.866025984 0 -0.500000238"/>
        <Entity template="plant_interior_01" id="1333" pos="-2.75294876 0.469999999 -14.2500019" rot="0.342020184 0 -0.939693868 0 1 0 0.939693868 0 0.342020184"/>
        <Entity template="plant_pot" id="1334" pos="-2.75294876 0.661393762 -14.2500019" rot="0.342020184 0 -0.939693868 0 1 0 0.939693868 0 0.342020184"/>
        <Entity template="curtain_02_01_open" id="1346" pos="-15.2530069 8.6236895e-08 -15.875" rot="1 0 0 0 1 0 0 0 1"/>
        <Entity template="rug_rect_small" id="1347" pos="-13.0030098 0.00999999978 -13.25" rot="1 0 0 0 1 0 0 0 1"/>
        <Entity template="extinguisher" id="1366" pos="-15.0029964 0.257736742 -11.750001" rot="0.984807789 0 0.173648164 0 1 0 -0.173648164 0 0.984807789"/>
        <Entity template="kitchen_plate_01" id="1367" pos="-0.877948761 0.472671658 -12.3750019" rot="1 0 0 0 1 0 0 0 1"/>
        <Entity template="kitchen_plate_01" id="1368" pos="-0.377948761 0.472671658 -12.1250019" rot="1 0 0 0 1 0 0 0 1"/>
        <Entity template="kitchen_fork_01" id="1369" pos="-0.377948761 0.447900951 -12.3750019" rot="1 0 0 0 1 0 0 0 1"/>
        <Entity template="kitchen_fork_01" id="1370" pos="-0.752948761 0.447900951 -12.1250019" rot="-0.707106948 0 -0.707107365 0 1 0 0.707107365 0 -0.707106948"/>
        <Entity template="watermelon_slice" id="1371" pos="-0.877948761 0.534236312 -12.3750019" rot="0.965925872 0 -0.258819044 0 1 0 0.258819044 0 0.965925872"/>
        <Entity template="watermelon_slice" id="1372" pos="-0.377948761 0.534236312 -12.1250019" rot="-0.342020154 0 0.939693272 0 1 0 -0.939693272 0 -0.342020154"/>
        <Entity template="lamp_tripod" id="1375" pos="-1.37794876 2.45427696e-08 -10.6250019" rot="1 0 0 0 1 0 0 0 1"/>
        <Entity template="service_cart_02" id="1387" pos="-15.8034668 0.436795205 -10.8754196" rot="0.984807849 0 0.173648179 0 1 0 -0.173648179 0 0.984807849"/>
        <Entity template="painting_01" id="1394" pos="-13.0030098 1.39999998 -15.875" rot="2.16066837e-07 0 -1.00000036 0 1 0 1.00000036 0 2.16066837e-07"/>
        <Entity template="FX_Flies" id="1448" pos="-0.377948761 2.0999999 -12.2500019" rot="1 0 0 0 1 0 0 0 1"/>
        <Entity template="mf_marble_03_line_02" id="1490" pos="-1.62795258 0.00999999978 6.12499809" rot="1.00000072 0 1.41561031e-07 0 1 0 -1.41561031e-07 0 1.00000072"/>
        <Entity template="mf_marble_03_line_02" id="1491" pos="-27.0030136 0.00999999978 5.12499857" rot="1.00000072 0 1.41561031e-07 0 1 0 -1.41561031e-07 0 1.00000072"/>
        <Entity template="mf_marble_03_corner_01" id="1492" pos="-21.6280117 0.00999999978 3.62499762" rot="-1.0000006 0 -3.20374966e-07 0 1 0 3.20374966e-07 0 -1.0000006"/>
        <Entity template="mf_marble_03_corner_01" id="1494" pos="-26.7530136 0.00999999978 3.62499857" rot="2.16066837e-07 0 -1.00000036 0 1 0 1.00000036 0 2.16066837e-07"/>
        <Entity template="mf_marble_03_line_02" id="1496" pos="-23.8780117 0.00999999978 8" rot="2.16066837e-07 0 -1.00000036 0 1 0 1.00000036 0 2.16066837e-07"/>
        <Entity template="mf_marble_03_line_02" id="1497" pos="-21.8780136 0.00999999978 7.99999857" rot="2.16066837e-07 0 -1.00000036 0 1 0 1.00000036 0 2.16066837e-07"/>
        <Entity template="mf_marble_03_line_02" id="1498" pos="-25.1280117 0.00999999978 3.37499857" rot="2.16066837e-07 0 -1.00000036 0 1 0 1.00000036 0 2.16066837e-07"/>
        <Entity template="mf_marble_03_line_02" id="1499" pos="-23.0030136 0.00999999978 3.37499857" rot="2.16066837e-07 0 -1.00000036 0 1 0 1.00000036 0 2.16066837e-07"/>
        <Entity template="mf_marble_03_line_02" id="1500" pos="-21.3780117 0.00999999978 5.12499809" rot="-1.00000083 0 -3.94880772e-07 0 1 0 3.94880772e-07 0 -1.00000083"/>
        <Entity template="mf_marble_03_line_01" id="1521" pos="-1.62795258 0.00999999978 4.62499762" rot="1 0 0 0 1 0 0 0 1"/>
        <Entity template="tv_flat" id="1554" pos="-15.68641 1.34000003 4.19000006" rot="-8.74227766e-08 0 1 0 1 0 -1 0 -8.74227766e-08"/>
        <Entity template="chair_sun_02_01" id="1599" pos="-25.8780136 0 4.37499809" rot="1.00000107 0 1.78813934e-07 0 1 0 -1.78813934e-07 0 1.00000107"/>
        <Entity template="chair_sun_02_01" id="1600" pos="-23.7530136 0 4.49999809" rot="0.996195853 0 -0.0871556625 0 1 0 0.0871556625 0 0.996195853"/>
        <Entity template="chair_hotel_outdoor" id="1601" pos="-0.583984137 0.418451041 4.82365131" rot="0.866025448 0 -0.49999994 0 1 0 0.49999994 0 0.866025448"/>
        <Entity template="chair_hotel_outdoor" id="1602" pos="-1.25295258 0.418451041 5.87499809" rot="1 0 0 0 1 0 0 0 1"/>
        <Entity template="chair_otoman_01" id="1603" pos="-1.37795258 0.269523233 6.62499809" rot="1 0 0 0 1 0 0 0 1"/>
        <Entity template="tray_brass" id="1604" pos="-1.37795258 0.562097907 6.62499809" rot="-0.57357651 0 0.819152594 0 1 0 -0.819152594 0 -0.57357651"/>
        <Entity template="tea_cup" id="1605" pos="-1.37795258 0.614035308 6.49999809" rot="1 0 0 0 1 0 0 0 1"/>
        <Entity template="tea_cup" id="1606" pos="-1.25295258 0.6100353 6.62499809" rot="1 0 0 0 1 0 0 0 1"/>
        <Entity template="bottle_oil" id="1607" pos="-1.50295258 0.765442908 6.62499809" rot="0.422618777 0 0.906308293 0 1 0 -0.906308293 0 0.422618777"/>
        <Entity template="mf_marble_03_tile_large_01" id="1629" pos="-11.7530098 0.00999999978 9.53674316e-07" rot="1 0 0 0 1 0 0 0 1"/>
        <Entity template="mf_marble_03_tile_large_01" id="1630" pos="-14.2529945 0.00999999978 9.53674316e-07" rot="1 0 0 0 1 0 0 0 1"/>
        <Entity template="high_stand" id="1633" pos="-24.7530117 0.503678262 3.49999762" rot="1 0 0 0 1 0 0 0 1"/>
        <Entity template="shampoo" id="1634" pos="-24.8780117 1.176 3.37499857" rot="0.707106948 0 -0.707106829 0 1 0 0.707106829 0 0.707106948"/>
        <Entity template="magazine_03" id="1635" pos="-25.5030136 0.570805907 4.37499714" rot="-0.932555497 -0.0996008292 -0.347018182 0.142244726 -0.984808385 -0.0996006429 -0.331826687 -0.142244682 0.932555258"/>
        <Entity template="news_paper_02_03" id="1636" pos="-23.5030136 0.500999987 5.12499809" rot="0.173648417 0 0.984807968 0 1 0 -0.984807968 0 0.173648417"/>
        <Entity template="rug_mod_round_large_01" id="1637" pos="-24.5030136 0.00999999978 4.87499809" rot="1 0 0 0 1 0 0 0 1"/>
        <Entity template="hookah_01" id="1639" pos="-22.8780136 0 3.62499762" rot="0.984808147 0 -0.173648223 0 1 0 0.173648223 0 0.984808147"/>
        <Entity template="hookah_01" id="1640" pos="-24.6280117 1.00100005 3.49999762" rot="0.707106948 0 0.707106829 0 1 0 -0.707106829 0 0.707106948"/>
        <Entity template="pillow_hotel_02" id="1647" pos="-1.25295258 0.662560105 5.87499809" rot="0.866025507 0.5 3.7252903e-09 -0.5 0.866025627 6.45239284e-09 0 -7.4505806e-09 1.00000012"/>
        <Entity template="pillow_hotel_02" id="1648" pos="-0.646483541 0.662560105 4.93190527" rot="0.836516321 0.482962906 -0.258819163 -0.49999994 0.866025507 6.45239195e-09 0.224143863 0.129409507 0.965925813"/>
        <Entity template="pillow_hotel_03" id="1649" pos="-25.8780136 0.742643058 4.12499762" rot="0.971783578 -0.0247794539 0.234569743 -0.0789899528 0.902859211 0.42261827 -0.222255632 -0.429222196 0.875426292"/>
        <Entity template="pillow_hotel_02" id="1650" pos="-23.6280136 0.75911808 4.12499762" rot="0.995858133 -0.0245051831 -0.0875593647 -0.0298090242 0.821780443 -0.569024503 0.085898608 0.569277763 0.817646146"/>
        <Entity template="lamp_small_01" id="1666" pos="-0.502948761 0.784400582 -12.6250019" rot="0.173648417 0 -0.984807968 0 1 0 0.984807968 0 0.173648417"/>
        <Entity template="bush_05" id="1694" pos="-22.3780117 1.09405754e-07 8.24999809" rot="0.258819282 0 -0.965926051 0 1 0 0.965926051 0 0.258819282"/>
        <Entity template="bush_05" id="1695" pos="-23.3780136 1.09405754e-07 8.125" rot="0.342020452 0 -0.939692855 0 1 0 0.939692855 0 0.342020452"/>
        <Entity template="bush_05" id="1696" pos="-24.2530136 1.09405754e-07 8.25" rot="0.707107127 0 -0.707106948 0 1 0 0.707106948 0 0.707107127"/>
        <Entity template="bush_05" id="1697" pos="-25.0030117 1.09405754e-07 8.25" rot="0.500000358 0 -0.866025746 0 1 0 0.866025746 0 0.500000358"/>
        <Entity template="bush_05" id="1698" pos="-25.8780136 1.09405754e-07 8.25" rot="0.087155953 0 -0.996195257 0 1 0 0.996195257 0 0.087155953"/>
        <Entity template="bush_05" id="1699" pos="-27.0029526 1.09405754e-07 8.25" rot="-0.258819044 0 -0.965926468 0 1 0 0.965926468 0 -0.258819044"/>
        <Entity template="vase_large_03" id="1722" pos="-1.50295258 0 4.49999809" rot="1 0 0 0 1 0 0 0 1"/>
        <Entity template="vase_large_01" id="1723" pos="-21.7530117 -5.75679904e-09 7.37499809" rot="0.707106948 0 -0.707106829 0 1 0 0.707106829 0 0.707106948"/>
        <Entity template="mf_marble_03_line_02" id="1747" pos="-15.6280022 0.00999999978 8.375" rot="2.16066837e-07 0 -1.00000036 0 1 0 1.00000036 0 2.16066837e-07"/>
        <Entity template="shrub_01_02" id="1784" pos="-21.8780117 0.837278247 7.25" rot="0.342020392 0 0.939692795 0 1 0 -0.939692795 0 0.342020392"/>
        <Entity template="plant_interior_07" id="1791" pos="-1.50295258 1.30599308 4.49999809" rot="1 0 0 0 1 0 0 0 1"/>
        <Entity template="pillar_deco_02_02" id="1802" pos="-26.7530136 0 7.62499809" rot="1 0 0 0 1 0 0 0 1"/>
        <Entity template="bush_04" id="1840" pos="1.62205124 6.11959479e-08 -12" rot="0.588964403 -0.416197747 -0.692748904 0.410119951 0.892539024 -0.187552691 0.696364522 -0.173648179 0.696364701"/>
        <Entity template="bush_04" id="1841" pos="1.24705124 6.11959479e-08 -13" rot="0.763129771 0.642787635 0.0667652115 -0.571915507 0.719846487 -0.39336282 -0.30090946 0.262002647 0.916956306"/>
        <Entity template="bush_04" id="1842" pos="1.37205136 6.11959479e-08 -13.625" rot="0.996194959 0 0.0871557742 -0.0225575734 0.965925872 0.257834226 -0.084186025 -0.258819044 0.962250471"/>
        <Entity template="bush_04" id="1843" pos="1.37205124 6.11959479e-08 -14.75" rot="0.96209693 0.242403939 0.124943823 -0.178606302 0.906308234 -0.383022368 -0.206083253 0.346188784 0.915251076"/>
        <Entity template="bush_04" id="1844" pos="1.24704945 6.11959479e-08 -14.875" rot="0.506466687 0.142244443 0.850446463 -0.742404222 0.573576629 0.346188724 -0.438552797 -0.80670768 0.396100312"/>
        <Entity template="grass_tall_01" id="1851" pos="-16.9528694 0.0279839635 11.8249645" rot="0.906307876 0 -0.42261827 0 1 0 0.42261827 0 0.906307876"/>
        <Entity template="grass_tall_01" id="1852" pos="-17.4144707 0.0279839635 14.030652" rot="-0.819152534 0 -0.573577106 0 1 0 0.573577106 0 -0.819152534"/>
        <Entity template="grass_tall_01" id="1853" pos="-15.2214699 0.0279839635 11.6418438" rot="0.707107663 0 -0.707107425 0 1 0 0.707107425 0 0.707107663"/>
        <Entity template="bush_01" id="1854" pos="-16.0516319 0.288307786 12.3252707" rot="0.965925872 0 -0.258819044 0 1 0 0.258819044 0 0.965925872"/>
        <Entity template="bush_01" id="1855" pos="-18.4127483 0.288307786 13.8925734" rot="0.766044617 0 -0.642787695 0 1 0 0.642787695 0 0.766044617"/>
        <Entity template="shrub_01" id="1856" pos="-16.6079693 0.208348572 12.9526596" rot="0.965925872 0 -0.258819044 0 1 0 0.258819044 0 0.965925872"/>
        <Entity template="shrub_01" id="1857" pos="-16.3300266 0.208348572 13.4398794" rot="0.766044617 0 -0.642787695 0 1 0 0.642787695 0 0.766044617"/>
        <Entity template="shrub_01" id="1858" pos="-15.3271961 0.208348572 12.5193844" rot="0.939692736 0 -0.342020154 0 1 0 0.342020154 0 0.939692736"/>
        <Entity template="plant_01" id="1859" pos="-16.0019417 0.325113654 11.1738968" rot="0.965925872 0 -0.258819044 0 1 0 0.258819044 0 0.965925872"/>
        <Entity template="plant_01" id="1860" pos="-17.9944916 0.325113654 14.2634649" rot="0.500000238 0 -0.866025507 0 1 0 0.866025507 0 0.500000238"/>
        <Entity template="grass_01_02" id="1863" pos="-15.7433681 0 13.7310514" rot="0.965925872 0 -0.258819044 0 1 0 0.258819044 0 0.965925872"/>
        <Entity template="grass_01_02" id="1867" pos="-14.7493496 0 14.5264816" rot="0.965925872 0 -0.258819044 0 1 0 0.258819044 0 0.965925872"/>
        <Entity template="grass_01_02" id="1868" pos="-18.7363396 0 11.7281256" rot="0.965925872 0 -0.258819044 0 1 0 0.258819044 0 0.965925872"/>
        <Entity template="grass_01_02" id="1869" pos="-10.1280098 0 10.749999" rot="1 0 0 0 1 0 0 0 1"/>
        <Entity template="shrub_03" id="1874" pos="-15.5536633 0.201024592 13.3645697" rot="0.766044617 0 -0.642787695 0 1 0 0.642787695 0 0.766044617"/>
        <Entity template="vase_large_01" id="1878" pos="-17.2376785 0.0199999809 14.3368406" rot="0.350806594 0.81205529 0.466370404 -0.882259429 0.453558773 -0.126106516 -0.313931882 -0.367220849 0.87555474"/>
        <Entity template="bush_05" id="1880" pos="-16.7824383 1.1920929e-07 10.7059469" rot="-0.57357657 0 -0.819152653 0 1 0 0.819152653 0 -0.57357657"/>
        <Entity template="shrub_01" id="1881" pos="-17.3347359 0.208348572 14.6990633" rot="0.173648417 0 -0.984808028 0 1 0 0.984808028 0 0.173648417"/>
        <Entity template="shrub_01" id="1882" pos="-15.2001057 0.208348572 13.9769411" rot="0.173648417 0 -0.984808028 0 1 0 0.984808028 0 0.173648417"/>
        <Entity template="bush_04" id="1883" pos="-17.8864422 5.96046448e-08 11.4454069" rot="0.965925872 0 -0.258819044 0 1 0 0.258819044 0 0.965925872"/>
        <Entity template="bush_04" id="1884" pos="-18.9107265 5.96046448e-08 12.8532753" rot="1.93715096e-07 0 -1.0000006 0 1 0 1.0000006 0 1.93715096e-07"/>
        <Entity template="bush_01" id="1885" pos="-18.6605759 0.288307786 12.4026651" rot="0.906307995 0 0.42261827 0 1 0 -0.42261827 0 0.906307995"/>
        <Entity template="tree_trunk_01" id="1886" pos="-18.7229633 0.362414241 10.7036238" rot="0.965925872 0 -0.258819044 0 1 0 0.258819044 0 0.965925872"/>
        <Entity template="table_massage" id="1896" pos="-1.00294876 0 -14.2500019" rot="-1.0000006 0 -3.20374966e-07 0 1 0 3.20374966e-07 0 -1.0000006"/>
        <Entity template="bush_05" id="1674" pos="-27.3779526 1.09405754e-07 -16.125" rot="-0.258818924 0 0.96592629 0 1 0 -0.96592629 0 -0.258818924"/>
        <Entity template="grass_tall_01" id="1683" pos="-27.7529526 0.0279839486 -14.25" rot="-0.866025984 0 0.500000715 0 1 0 -0.500000715 0 -0.866025984"/>
        <Entity template="chair_hotel_outdoor" id="1728" pos="-22.2530117 0.418451041 -15.625" rot="-5.88595867e-07 0 1.00000143 0 1 0 -1.00000143 0 -5.88595867e-07"/>
        <Entity template="chair_hotel_outdoor" id="1729" pos="-24.0030136 0.418451041 -15.625" rot="-5.88595867e-07 0 1.00000143 0 1 0 -1.00000143 0 -5.88595867e-07"/>
        <Entity template="nightstand_03" id="1730" pos="-23.1280136 0 -15.5" rot="0.906307936 0 -0.42261833 0 1 0 0.42261833 0 0.906307936"/>
        <Entity template="tray_brass" id="1731" pos="-23.1280136 0.616785407 -15.5" rot="0.766044617 0 -0.642787635 0 1 0 0.642787635 0 0.766044617"/>
        <Entity template="tea_cup" id="1732" pos="-23.2530136 0.6647228 -15.5" rot="1 0 0 0 1 0 0 0 1"/>
        <Entity template="tea_cup" id="1733" pos="-23.1280136 0.6647228 -15.375" rot="1 0 0 0 1 0 0 0 1"/>
        <Entity template="tea_pot" id="1734" pos="-23.1280136 0.883395493 -15.625" rot="0.906307995 0 -0.42261827 0 1 0 0.42261827 0 0.906307995"/>
        <Entity template="Floor" id="1964" pos="-19 0 1" rot="1 0 0 0 1 0 0 0 1"/>
        <Entity template="pillar_deco_02_02" id="2023" pos="-14.2499857 0 -7.99999905" rot="2.16066837e-07 0 -1.00000036 0 1 0 1.00000036 0 2.16066837e-07"/>
        <Entity template="pillar_deco_02_02" id="2024" pos="-11.75 0 -7.99999905" rot="2.16066837e-07 0 -1.00000036 0 1 0 1.00000036 0 2.16066837e-07"/>
        <Entity template="mf_marble_03_tile_large_01" id="2026" pos="-11.75 0.00999999978 -7.99999714" rot="1 0 0 0 1 0 0 0 1"/>
        <Entity template="mf_marble_03_tile_large_01" id="2027" pos="-14.2499857 0.00999999978 -7.99999714" rot="1 0 0 0 1 0 0 0 1"/>
        <Entity template="mf_marble_03_tile_large_01" id="2029" pos="-8.99849796 0.00999999046 0.0015039444" rot="0 0 1.00000012 0 1 0 -1.00000012 0 0" group="19"/>
        <Entity template="pillar_deco_02_02" id="2030" pos="-8.99849892 0 -2.74850464" rot="1.00000048 0 2.38418579e-07 0 1 0 -2.38418579e-07 0 1.00000048" group="19"/>
        <Entity template="pillar_deco_02_02" id="2031" pos="-8.99849892 0 -5.24848938" rot="1.00000048 0 2.38418579e-07 0 1 0 -2.38418579e-07 0 1.00000048" group="19"/>
        <Entity template="mf_marble_03_tile_large_01" id="2032" pos="-8.99849796 0.00999999046 -7.99849319" rot="0 0 1.00000012 0 1 0 -1.00000012 0 0" group="19"/>
        <Entity template="pillar_deco_02_02" id="2033" pos="-16.9985008 0 -8.00149918" rot="1.00000048 -1.49011683e-08 1.1920929e-07 -7.4505806e-09 1.00000024 7.45058149e-09 -1.1920929e-07 -7.45058237e-09 1.00000048" group="19"/>
        <Entity template="mf_marble_03_tile_large_01" id="2034" pos="-16.998497 0.00999999046 -0.00150537491" rot="0 0 1.00000012 0 1 0 -1.00000012 0 0" group="19"/>
        <Entity template="mf_marble_03_tile_large_01" id="2035" pos="-16.998497 0.00999999046 -2.751513" rot="0 0 1.00000012 0 1 0 -1.00000012 0 0" group="19"/>
        <Entity template="mf_marble_03_tile_large_01" id="1" pos="-16.998497 0.00999999046 -5.25149918" rot="0 0 1.00000012 0 1 0 -1.00000012 0 0" group="19"/>
        <Entity template="mf_marble_03_tile_large_01" id="7" pos="-16.998497 0.00999999046 -8.00150108" rot="0 0 1.00000012 0 1 0 -1.00000012 0 0" group="19"/>
        <Entity template="pillar_deco_02_02" id="8" pos="-16.9984989 0 -5.25149918" rot="1.00000048 0 2.38418579e-07 0 1 0 -2.38418579e-07 0 1.00000048" group="19"/>
        <Entity template="pillar_deco_02_02" id="10" pos="-16.998497 0 -0.00150489807" rot="1.00000048 0 2.38418579e-07 0 1 0 -2.38418579e-07 0 1.00000048" group="19"/>
        <Entity template="pillar_deco_02_02" id="9" pos="-16.9984989 0 -2.751513" rot="1.00000048 0 2.38418579e-07 0 1 0 -2.38418579e-07 0 1.00000048" group="19"/>
        <Entity template="mf_marble_03_tile_large_01" id="11" pos="-9 0.00999999978 -2.75" rot="1 0 0 0 1 0 0 0 1"/>
        <Entity template="mf_marble_03_tile_large_01" id="12" pos="-9 0.00999999978 -5.25" rot="1 0 0 0 1 0 0 0 1"/>
        <Entity template="chair_lux_01" id="1160" pos="-15.1951456 0.62717545 -6.66011238" rot="-0.939693093 0 -0.34202069 0 1 0 0.34202069 0 -0.939693093"/>
        <Entity template="tray_brass" id="1170" pos="-16.1575413 0.454676062 -6.06823921" rot="0.984807789 0 -0.173648179 0 1 0 0.173648179 0 0.984807789"/>
        <Entity template="tea_pot" id="1172" pos="-16.187088 0.721286058 -6.07344913" rot="0.906307936 0 0.42261833 0 1 0 -0.42261833 0 0.906307936"/>
        <Entity template="tea_cup" id="1173" pos="-15.9771595 0.502613425 -6.54414558" rot="0.984807789 0 -0.173648179 0 1 0 0.173648179 0 0.984807789"/>
        <Entity template="tea_cup" id="1174" pos="-16.1378708 0.502613425 -6.23739243" rot="0.984807789 0 -0.173648179 0 1 0 0.173648179 0 0.984807789"/>
        <Entity template="tea_cup" id="1175" pos="-16.3247604 0.502613425 -6.73236561" rot="0.984807789 0 -0.173648179 0 1 0 0.173648179 0 0.984807789"/>
        <Entity template="pillow_hotel_01" id="1187" pos="-16.1945248 0.923491836 -7.47097206" rot="0.975082576 -0.218176454 -0.0401661545 0.171010092 0.854564607 -0.490383208 0.141314507 0.471295238 0.870581388"/>
        <Entity template="chair_lux_01" id="1348" pos="-16.2040749 0.62717545 -7.41680717" rot="-0.173648268 0 -0.984807789 0 1 0 0.984807789 0 -0.173648268"/>
        <Entity template="fountain_octa" id="1128" pos="-13.0030098 0 -4.00000191" rot="1 0 0 0 1 0 0 0 1"/>
        <Entity template="bush_05" id="1675" pos="-27.3779526 1.09405754e-07 -15" rot="-0.939693093 0 0.34202069 0 1 0 -0.34202069 0 -0.939693093"/>
        <Entity template="extinguisher" id="1569" pos="-21.2150116 0.257736742 3.49999762" rot="-0.81915307 0 -0.573576629 0 1 0 0.573576629 0 -0.81915307"/>
        <Entity template="pillar_deco_04" id="1457" pos="-11.6280098 -4.27500175e-19 8.12499809" rot="-1.0000006 0 -2.01165676e-07 0 1 0 2.01165676e-07 0 -1.0000006"/>
        <Entity template="pillar_deco_04" id="1458" pos="-14.3779936 -4.27500175e-19 8.12499809" rot="-1.0000006 0 -2.01165676e-07 0 1 0 2.01165676e-07 0 -1.0000006"/>
        <Entity template="pillar_deco_04" id="1459" pos="-14.3779936 -4.27500175e-19 8.37499809" rot="1.00000131 0 5.66244125e-07 0 1 0 -5.66244125e-07 0 1.00000131"/>
        <Entity template="pillar_deco_04" id="1460" pos="-11.6280098 -4.27500175e-19 8.37499809" rot="1.00000131 0 5.66244125e-07 0 1 0 -5.66244125e-07 0 1.00000131"/>
        <Entity template="flower_stand_01" id="1644" pos="-14.437995 0 11.1849976" rot="1 0 0 -0 1 0 0 -0 1"/>
        <Entity template="pillar_deco_02_02" id="1645" pos="-14.3779936 0 10.25" rot="1 0 0 0 1 0 0 0 1"/>
        <Entity template="pillar_deco_02_02" id="1646" pos="-11.6280098 0 10.25" rot="1 0 0 0 1 0 0 0 1"/>
        <Entity template="plant_interior_01" id="1686" pos="-14.7529936 0.197868884 11" rot="-0.984808743 0 0.173648447 0 1 0 -0.173648447 0 -0.984808743"/>
        <Entity template="plant_interior_01" id="1687" pos="-14.2529936 0.197868884 11.375" rot="0.766045868 0 0.642789006 0 1 0 -0.642789006 0 0.766045868"/>
        <Entity template="pillar_deco_04" id="1232" pos="-14.2529936 0 3.87499905" rot="-1.00000072 0 3.94880772e-07 0 1 0 -3.94880772e-07 0 -1.00000072"/>
        <Entity template="pillar_deco_04" id="1233" pos="-11.6280098 0 3.87499905" rot="-1.00000072 0 3.94880772e-07 0 1 0 -3.94880772e-07 0 -1.00000072"/>
        <Entity template="pillar_deco_04" id="1455" pos="-14.2529936 -4.27500175e-19 4.12499905" rot="1 0 0 0 1 0 0 0 1"/>
        <Entity template="pillar_deco_04" id="1456" pos="-11.6280098 -4.27500175e-19 4.12499905" rot="1 0 0 0 1 0 0 0 1"/>
        <Entity template="mod_sofa_single_right_01" id="1513" pos="-17.3779945 0 5.58999777" rot="-1 8.74227766e-08 3.94880772e-07 8.74228121e-08 1 8.74227766e-08 -3.94880772e-07 8.74228121e-08 -1"/>
        <Entity template="mod_sofa_single_left_01" id="1514" pos="-17.3779945 0 6.64999771" rot="-1 8.74227766e-08 3.94880772e-07 8.74228121e-08 1 8.74227766e-08 -3.94880772e-07 8.74228121e-08 -1"/>
        <Entity template="extinguisher" id="1563" pos="-8.25300884 0.257736742 7.99999952" rot="0.939692676 0 -0.342020154 0 1 0 0.342020154 0 0.939692676"/>
        <Entity template="extinguisher" id="1568" pos="-15.003005 0.257736742 3.74999905" rot="-0.984808505 0 0.173648596 0 1 0 -0.173648596 0 -0.984808505"/>
        <Entity template="high_stand" id="1577" pos="-17.5300007 0.503678262 4.42999983" rot="1 0 0 -0 1 0 0 -0 1"/>
        <Entity template="lamp_small_01" id="1788" pos="-17.5029945 1.34494758 4.5" rot="1 0 0 0 1 0 0 0 1"/>
        <Entity template="window_frame_white" id="52" pos="-15.25 0 -16" rot="1.00000024 0 0 0 1 0 0 0 1.00000024" group="37"/>
        <Entity template="window_glass" id="53" pos="-15.25 0 -16" rot="1.00000024 0 0 0 1 0 0 0 1.00000024" group="37"/>
        <Entity template="curtain_02_01" id="91" pos="-16.25 0 8.12500095" rot="-1.00000072 0 -5.96046448e-08 0 1 0 5.96046448e-08 0 -1.00000072"/>
        <Entity template="curtain_02_01" id="94" pos="-9.75000095 0 8.12500095" rot="-1.00000072 0 -5.96046448e-08 0 1 0 5.96046448e-08 0 -1.00000072"/>
        <Entity template="plant_interior_05" id="1146" pos="-10.645175 0.922968328 -10.7664557" rot="-0.906308413 0 0.422618389 0 1 0 -0.422618389 0 -0.906308413"/>
        <Entity template="flower_stand_01" id="1643" pos="-11.5680103 0 11.1749983" rot="1 0 0 -0 1 0 0 -0 1"/>
        <Entity template="plant_interior_01" id="1685" pos="-11.5030098 0.197868884 11.000001" rot="-0.906308413 0 0.422618687 0 1 0 -0.422618687 0 -0.906308413"/>
        <Entity template="bush_05" id="1676" pos="-28.1279526 1.09405754e-07 -15.5" rot="-0.642787874 0 0.766045213 0 1 0 -0.766045213 0 -0.642787874"/>
        <Entity template="grass_tall_01" id="1682" pos="-28.5029526 0.0279839486 -15.75" rot="0.866025507 0 0.5 0 1 0 -0.5 0 0.866025507"/>
        <Entity template="fence_stone__pole_01" id="33" pos="-13 0 -20" rot="1 0 0 0 1 0 0 0 1" group="112"/>
        <Entity template="fence_stone__pole_01" id="34" pos="-4.99999952 0 -20" rot="1 0 0 0 1 0 0 0 1" group="113"/>
        <Entity template="fence_stone__pole_01" id="72" pos="-21 0 -20" rot="1 0 0 0 1 0 0 0 1" group="114"/>
        <Entity template="fence_stone__pole_01" id="75" pos="-29 0 -20" rot="1 0 0 0 1 0 0 0 1" group="115"/>
        <Entity template="fence_stone__pole_01" id="118" pos="3.00000095 0 -20" rot="1 0 0 0 1 0 0 0 1" group="116"/>
        <Entity template="bench_02" id="266" pos="8.93067169 0.491776526 -13.3548622" rot="-3.57627869e-07 0 -1.00000322 0 1 0 1.00000322 0 -3.57627869e-07"/>
        <Entity template="bench_02" id="267" pos="12.0556831 0.491776526 -9.97984791" rot="-1.00000334 0 3.57627869e-07 0 1 0 -3.57627869e-07 0 -1.00000334"/>
        <Entity template="bench_02" id="268" pos="8.93067169 0.491776526 -6.60483646" rot="2.98023224e-07 0 1.00000358 0 1 0 -1.00000358 0 2.98023224e-07"/>
