<Map name="pathtolesssuck_rmg">
    <Scenario type="None" numDeployableTroops="2" referenceWinTimeSeconds="12.999" challenges="0" nightMission="false"/>
    <Graphics fogColor="DAA586" fogDensity="0" windSpeed="0.12899999" windDirection="319" cloudDensity="0" waterClarity="0.94999999" rainAmount="0" terrainNormalsStrength="1" terrainSharpness="0.5" gossaoStrength="3" gossaoStrengthTerrain="5" gossaoDirectionalOcclusion="0" gossaoLevelsMin="0.050000001"/>
    <Terrain widthMeters="18" heightMeters="12">
        <Materials num="2" mat0="dirt_to_grass" mat1="asphalt"/>
    </Terrain>
    <MusicTracks/>
    <Layers used="536870913" l0="1"/>
    <Entities>
        <Entity template="Light Ambiental" id="2" pos="-7.25 2.0999999 -8.5" rot="1 0 0 0 1 0 0 0 1">
            <Light color0="4F626A" color1="1D2E42" colorMultiplier="1.52" isIndoorLight="false" startDisabled="false"/>
        </Entity>
        <Entity template="grass_02" id="10" pos="-5.52874517 0 2.45101714" rot="1 0 0 0 1 0 0 0 1"/>
        <Entity template="grass_02" id="11" pos="-6.04629326 0 2.28406644" rot="0.342020392 0 -0.939692795 0 1 0 0.939692795 0 0.342020392"/>
        <Entity template="grass_02" id="12" pos="-6.24663401 0 0.931764364" rot="0.996195078 0 0.0871558189 0 1 0 -0.0871558189 0 0.996195078"/>
        <Entity template="grass_02" id="13" pos="-6.11307335 0 -0.103331208" rot="-0.0871555805 0 -0.996195436 0 1 0 0.996195436 0 -0.0871555805"/>
        <Entity template="grass_02" id="15" pos="-6.6700139 0 -2.39652634" rot="-0.906308949 0 -0.422619075 0 1 0 0.422619075 0 -0.906308949"/>
        <Entity template="grass_02" id="16" pos="8.3581562 0 -3.78736949" rot="-0.984809458 0 -0.173648849 0 1 0 0.173648849 0 -0.984809458"/>
        <Entity template="grass_02" id="18" pos="7.99342346 0 -4.82889366" rot="-4.91738319e-07 0 1.00000226 0 1 0 -1.00000226 0 -4.91738319e-07"/>
        <Entity template="grass_02" id="19" pos="-7.80733395 0 -1.65144289" rot="0.342020512 0 0.939695179 0 1 0 -0.939695179 0 0.342020512"/>
        <Entity template="grass_01" id="22" pos="-5.47866011 0 -3.91751933" rot="0.984807789 0 0.173648164 0 1 0 -0.173648164 0 0.984807789"/>
        <Entity template="grass_01" id="23" pos="-5.41187954 0 -3.00827646" rot="0.707107067 0 -0.707106948 0 1 0 0.707106948 0 0.707107067"/>
        <Entity template="grass_01" id="24" pos="-5.37848949 0 -1.12173152" rot="0.707107067 0 -0.707106948 0 1 0 0.707106948 0 0.707107067"/>
        <Entity template="grass_01" id="25" pos="-5.71239138 0 -1.83962035" rot="0.0871559307 0 -0.996195138 0 1 0 0.996195138 0 0.0871559307"/>
        <Entity template="grass_01" id="27" pos="7.65181351 0 2.10042048" rot="0.766044974 0 -0.642787933 0 1 0 0.642787933 0 0.766044974"/>
        <Entity template="shrub_03" id="32" pos="-3.27486086 0.201024577 2.08283591" rot="-0.965926349 0 0.25881955 0 1 0 -0.25881955 0 -0.965926349"/>
        <Entity template="shrub_03" id="33" pos="-3.80668688 0.201024577 2.09847784" rot="0.64278841 0 0.766045272 0 1 0 -0.766045272 0 0.64278841"/>
        <Entity template="shrub_03" id="34" pos="-4.52621555 0.201024577 2.06719398" rot="-0.64278841 0 0.76604569 0 1 0 -0.76604569 0 -0.64278841"/>
        <Entity template="shrub_03" id="36" pos="-5.18317699 0.201024577 2.30182314" rot="0.906309605 0 0.422619194 0 1 0 -0.422619194 0 0.906309605"/>
        <Entity template="shrub_01" id="40" pos="-4.48999596 0.208348572 2.28248429" rot="1 0 0 0 1 0 0 0 1"/>
        <Entity template="plant_01" id="42" pos="-5.23648691 0.325113624 1.90522552" rot="0.258819342 0 -0.96592623 0 1 0 0.96592623 0 0.258819342"/>
        <Entity template="car_tire_02" id="57" pos="7.875 0.308459282 2.50000048" rot="1 0 0 0 1 0 0 0 1"/>
        <Entity template="car_tire_02" id="59" pos="7.78100634 0.10238114 2.6845932" rot="0.996194839 0 -0.087155737 0 1 0 0.087155737 0 0.996194839"/>
        <Entity template="car_tire_02" id="60" pos="8.41023064 0.301465183 2.12812161" rot="0.422618628 0.582563579 -0.694272578 -4.78914153e-09 0.766044736 0.642787814 0.906308115 -0.27165395 0.323744744"/>
        <Entity template="car_tire_02" id="61" pos="7.71152973 0.495824575 2.02877069" rot="0.866025746 -0.321393877 0.383022457 -4.78914153e-09 0.766044736 0.642787814 -0.500000119 -0.556670547 0.663414538"/>
        <Entity template="Light Ambiental" id="64" pos="-6.50000048 2.0999999 -8.5" rot="1 0 0 0 1 0 0 0 1">
            <Light color0="F4F5F9" color1="26282A" colorMultiplier="0.40000001" isIndoorLight="true" startDisabled="false"/>
        </Entity>
        <Entity template="shrub_03" id="73" pos="-4.125 0.201024577 5.75000048" rot="-0.0871562511 0 0.99619627 0 1 0 -0.99619627 0 -0.0871562511"/>
        <Entity template="bush_01" id="78" pos="6.875 0.288307786 3.87499976" rot="0.258819848 0 -0.965928018 0 1 0 0.965928018 0 0.258819848"/>
        <Entity template="shrub_01_02" id="80" pos="7.5 0.208348572 4.25" rot="-0.342020065 0 0.939693093 0 1 0 -0.939693093 0 -0.342020065"/>
        <Entity template="shrub_04_02" id="84" pos="-5.62500048 0.133366063 2.625" rot="0.965925872 0 -0.258819044 0 1 0 0.258819044 0 0.965925872"/>
        <Entity template="brick_stack_01" id="87" pos="-6.55374146 0 4.17783594" rot="0.996196628 0 0.0871559456 0 1 0 -0.0871559456 0 0.996196628"/>
        <Entity template="brick_stack_01" id="88" pos="-5.58883667 0 0.290346414" rot="-0.996196985 0 0.0871558487 0 1 0 -0.0871558487 0 -0.996196985"/>
        <Entity template="water_well" id="91" pos="-7.02497482 1.04193044 -7.01948261" rot="0.342020392 0 0.939692795 0 1 0 -0.939692795 0 0.342020392"/>
        <Entity template="barrel_01_02" id="96" pos="8.19935989 0.515030205 -2.60374737" rot="0.965925872 0 -0.258819044 0 1 0 0.258819044 0 0.965925872"/>
        <Entity template="Light Directional" id="147" pos="-4.94560432 2.0999999 -7.9130764" rot="0.490419507 -0.811794341 -0.31698361 0.254405081 0.48124212 -0.838858724 0.833526731 0.330750436 0.442535192">
            <Light color="F6D3A7" colorMultiplier="2.29" isIndoorLight="false" startDisabled="false"/>
        </Entity>
        <Entity template="wheelbarrow" id="153" pos="7.65456629 0.771380424 -5.12415743" rot="0.984808743 -0.15737924 -0.0733871534 0 -0.42261821 0.906308293 -0.1736487 -0.892540514 -0.416198313"/>
        <Entity template="tire_01" id="155" pos="7.85237885 0.0961375237 -5.65967846" rot="-0.984808207 0 -0.173648238 0 1 0 0.173648238 0 -0.984808207"/>
        <Entity template="tire_01" id="156" pos="8.40710926 0.0961375237 -5.58069134" rot="-0.984808207 0 -0.173648238 0 1 0 0.173648238 0 -0.984808207"/>
        <Entity template="tire_01" id="157" pos="7.53568125 0.0961375237 2.02414846" rot="1 0 0 0 1 0 0 0 1"/>
        <Entity template="propane_tank_01" id="159" pos="7.75359535 -0.0939209461 -0.667247355" rot="-0.999999881 0 0 0 1 0 0 0 -0.999999881"/>
        <Entity template="Floor" id="3" pos="1 0 -1.5" rot="1 0 0 0 1 0 0 0 1"/>
        <Entity template="bush_01" id="79" pos="-6.87500095 0.288307786 -3.24999976" rot="-0.999999881 0 0 0 1 0 0 0 -0.999999881"/>
        <Entity template="bush_01" id="81" pos="-6.00000048 0.288307786 -3.24999952" rot="0.707106709 0 -0.707106709 0 1 0 0.707106709 0 0.707106709"/>
        <Entity template="bush_04" id="86" pos="-8.625 6.11959479e-08 -3.24999952" rot="-0.996195376 0 -0.0871561915 0 1 0 0.0871561915 0 -0.996195376"/>
        <Entity template="shrub_03" id="92" pos="-7.75000048 0.201024577 -3.24999952" rot="-0.0871557295 0 0.99619472 0 1 0 -0.99619472 0 -0.0871557295"/>
        <Entity template="shrub_03" id="70" pos="-0.125000119 0.201024577 2.87500024" rot="0.99619478 0 0.0871557519 0 1 0 -0.0871557519 0 0.99619478"/>
        <Entity template="FX_Flies" id="173" pos="-4.50000048 5.73000002 3" rot="1 0 0 -0 1 0 0 -0 1"/>
        <Entity template="fence_metal_01" id="105" pos="-6.71522808 0 -5.56250095" rot="-1.00000048 0 0 0 1 0 0 0 -1.00000048" group="15"/>
        <Entity template="low_stone_wall_02" id="109" pos="-6.71522903 0.488627672 -5.68750191" rot="0 0 1.00000083 0 1 0 -1.00000083 0 0" group="15"/>
        <Entity template="low_stone_wall_02" id="112" pos="-5.7152276 0.488627672 -5.6875" rot="0 0 -1.0000006 0 1 0 1.0000006 0 0" group="15"/>
        <Entity template="fence_metal_01" id="114" pos="-5.71522808 0 -5.56250095" rot="-1.00000048 0 0 0 1 0 0 0 -1.00000048" group="15"/>
        <Entity template="fence_metal_01" id="115" pos="-8.65977192 0 -5.56250095" rot="-1.00000048 0 0 0 1 0 0 0 -1.00000048" group="16"/>
        <Entity template="low_stone_wall_02" id="116" pos="-8.65977287 0.488627672 -5.68750191" rot="0 0 1.00000083 0 1 0 -1.00000083 0 0" group="16"/>
        <Entity template="low_stone_wall_02" id="117" pos="-7.65977097 0.488627672 -5.68750095" rot="0 0 -1.0000006 0 1 0 1.0000006 0 0" group="16"/>
        <Entity template="fence_metal_01" id="118" pos="-7.65977192 0 -5.56250191" rot="-1.00000048 0 0 0 1 0 0 0 -1.00000048" group="16"/>
        <Entity template="fence_metal_corner_01" id="194" pos="11.8678627 0 1.57097888" rot="-1.0000006 0 0 0 1 0 0 0 -1.0000006" group="18"/>
        <Entity template="low_stone_wall_04" id="195" pos="11.1178617 0.490407944 1.44597888" rot="0 0 -1.00000072 0 1 0 1.00000072 0 0" group="18"/>
        <Entity template="fence_metal_corner_01" id="196" pos="10.4928598 0 1.5709784" rot="-1.0000006 0 0 0 1 0 0 0 -1.0000006" group="18"/>
        <Entity template="Default Effect (Indoors)" id="99" pos="-4 0.0500000007 -8.375" rot="1 0 0 0 1 0 0 0 1">
            <SoundShader effectID="EFX_REVERB_HALLWAY_LARGE" defaultIndoors="true" defaultOutdoors="false"/>
        </Entity>
        <Entity template="Default Effect (Outdoors)" id="103" pos="-2.75000024 0.0500000007 -8.375" rot="1 0 0 0 1 0 0 0 1">
            <SoundShader effectID="EFX_REVERB_OUTDOORS_VALLEY" defaultIndoors="false" defaultOutdoors="true"/>
        </Entity>
        <Entity template="Deploy Slot" id="138" pos="-7.62500048 0.100000001 1.75000012" rot="0.342020243 0 0.939692557 0 1 0 -0.939692557 0 0.342020243"/>
        <Entity template="crate_01" id="43" pos="-0.104226291 0.237232521 3.52887321" rot="0.996196032 0 0.0871557593 0 1 0 -0.0871557593 0 0.996196032" group="31"/>
        <Entity template="crate_01_02" id="46" pos="-0.104226589 0.706005931 2.94764161" rot="0.99619621 -3.32630229e-10 -0.0871499404 -3.32626371e-10 1 -7.6188833e-09 0.0871499404 7.61889041e-09 0.99619621" group="31"/>
        <Entity template="crate_01" id="65" pos="-0.104225487 0.237232521 2.29263973" rot="1.00000143 0 1.1920929e-07 0 1 0 -1.1920929e-07 0 1.00000143" group="31"/>
        <Entity template="wind_desert_02_mn" id="208" pos="-1.50000024 1.60000002 -12.375001" rot="1 0 0 0 1 0 0 0 1">
            <SoundEmitter minAttenuationDistance="7.6999998" maxAttenuationDistance="9.6000004"/>
        </Entity>
        <Entity template="wind_desert_02_mn" id="209" pos="12.875 1.60000002 -7.875" rot="1 0 0 0 1 0 0 0 1">
            <SoundEmitter minAttenuationDistance="7.8000002" maxAttenuationDistance="10.8"/>
        </Entity>
        <Entity template="wind_desert_02_mn" id="212" pos="-16.25 1.60000002 5.62500048" rot="1 0 0 0 1 0 0 0 1">
            <SoundEmitter minAttenuationDistance="7" maxAttenuationDistance="13.8"/>
        </Entity>
        <Entity template="wind_desert_02_mn" id="213" pos="-9 1.60000002 -12.25" rot="1 0 0 0 1 0 0 0 1">
            <SoundEmitter minAttenuationDistance="9.1999998" maxAttenuationDistance="12.2"/>
        </Entity>
        <Entity template="industrialbin_full" id="319" pos="-7.37500095 0.876988292 -4.5" rot="0 0 -1.00000012 0 1 0 1.00000012 0 0" group="51"/>
        <Entity template="pallet_01" id="351" pos="-8.17268562 0 3.47678471" rot="-0.93969363 0 -0.342020154 0 1 0 0.342020154 0 -0.93969363" group="73"/>
        <Entity template="pallet_01" id="352" pos="-8.15342903 0.151390627 3.46668625" rot="-0.984808803 0 -0.173648059 0 1 0 0.173648059 0 -0.984808803" group="73"/>
        <Entity template="pallet_01" id="353" pos="-8.11101532 0.3027578 3.42282104" rot="-0.707108021 0 -0.707107306 0 1 0 0.707107306 0 -0.707108021" group="73"/>
        <Entity template="pallet_02" id="354" pos="-7.42152357 0.337162435 3.13629985" rot="-0.258818924 0.554032505 0.791240811 0 0.819152236 -0.57357645 -0.96592629 -0.148452565 -0.212012291" group="73"/>
        <Entity template="booth_bazar_04_03" id="356" pos="-5.31746054 0.889255941 5.05728197" rot="7.4505806e-09 0 1.00000048 0 1 0 -1.00000048 0 7.4505806e-09" group="75"/>
        <Entity template="crate_01" id="358" pos="-7.51207781 0.237232521 4.20151806" rot="-1.00000024 0 -2.02655792e-06 0 1 0 2.02655792e-06 0 -1.00000024" group="77"/>
        <Entity template="crate_01" id="359" pos="-8.29882717 0.237232506 4.57418966" rot="0.939692736 0 0.342023998 0 1 0 -0.342023998 0 0.939692736" group="78"/>
        <Entity template="crate_01" id="361" pos="-7.8571434 0.237232521 5.77579451" rot="-0.573572755 0 -0.819158137 0 1 0 0.819158137 0 -0.573572755" group="80"/>
        <Entity template="gas_cylinder" id="366" pos="-7.32000017 0.550000012 3.75" rot="-0.719846249 -0.262002647 0.642787814 0.604022861 0.21984674 0.766044319 -0.342020422 0.939692616 -2.49608917e-07" group="85"/>
        <Entity template="tire_tractor" id="369" pos="-8.75 0.193545297 5.37500048" rot="1 0 0 0 1 0 0 0 1" group="87"/>
        <Entity template="tire_tractor" id="370" pos="-8.25 0.581264019 5.37500048" rot="0.25881964 0 0.965925932 0 1 0 -0.965925932 0 0.25881964" group="88"/>
        <Entity template="tire_tractor" id="371" pos="-8.5 0.495326519 4" rot="-0.819158316 0 -0.573571682 0 1 0 0.573571682 0 -0.819158316" group="89"/>
        <Entity template="tire_tractor" id="372" pos="-8.375 0.968959332 4.875" rot="-0.965925455 0 0.258828014 0 1 0 -0.258828014 0 -0.965925455" group="90"/>
        <Entity template="low_stone_wall_04" id="190" pos="8.46621037 0.490407944 1.44597888" rot="0 0 -1.00000072 0 1 0 1.00000072 0 0" group="17"/>
        <Entity template="fence_metal_corner_01" id="189" pos="9.21621132 0 1.57097888" rot="-1.0000006 0 0 0 1 0 0 0 -1.0000006" group="17"/>
        <Entity template="fence_metal_corner_01" id="193" pos="7.84120941 0 1.5709784" rot="-1.0000006 0 0 0 1 0 0 0 -1.0000006" group="17"/>
        <Entity template="old_sedan_01_05" id="1171" pos="2.875 1.40675496e-07 6.37500048" rot="-0.173647672 0 0.984807909 0 1 0 -0.984807909 0 -0.173647672" group="189"/>
        <Entity template="shrub_03" id="1193" pos="7.87500048 0.201024577 3.37500024" rot="0.64278686 0 -0.766044497 0 1 0 0.766044497 0 0.64278686" group="194"/>
        <Entity template="shrub_03" id="1194" pos="8.5 0.201024577 3.37500024" rot="0.866026223 0 0.499997199 0 1 0 -0.499997199 0 0.866026223" group="195"/>
        <Entity template="shrub_03" id="1195" pos="8.75 0.201024577 3.62500024" rot="-0.766042888 0 0.642787516 0 1 0 -0.642787516 0 -0.766042888" group="196"/>
        <Entity template="shrub_03" id="1196" pos="8.625 0.201024577 3.87500024" rot="-0.90630573 0 0.422618747 0 1 0 -0.422618747 0 -0.90630573" group="197"/>
        <Entity template="shrub_03" id="1197" pos="8.375 0.201024577 4.125" rot="0.93969208 0 0.342017114 0 1 0 -0.342017114 0 0.93969208" group="198"/>
        <Entity template="shrub_03" id="1198" pos="8.25 0.201024577 4.375" rot="-0.70710355 0 0.707107902 0 1 0 -0.707107902 0 -0.70710355" group="199"/>
        <Entity template="shrub_03" id="1199" pos="8.625 0.201024577 4.75" rot="0.258814573 0 -0.965925395 0 1 0 0.965925395 0 0.258814573" group="200"/>
        <Entity template="shrub_03" id="1200" pos="8.5 0.201024577 5.125" rot="0.42262274 0 0.906303883 0 1 0 -0.906303883 0 0.42262274" group="201"/>
        <Entity template="blocks_bricks_cylinders_pile_06" id="1233" pos="-6.37500048 0.00999999978 5.12500048" rot="1 0 0 0 1 0 0 0 1" group="215"/>
        <Entity template="blocks_bricks_papers_crates_planks_pile_01" id="1242" pos="8.5 0.00999999978 1.875" rot="0.173648417 0 -0.984807968 0 1 0 0.984807968 0 0.173648417" group="221"/>
        <Entity template="metal_sheet_02" id="1280" pos="-8.06499958 1.76999998 -4.46500015" rot="-0.407315344 -0.254923671 0.876988113 -0.912518382 0.153001845 -0.379342616 -0.0374773443 -0.954779863 -0.294942528" group="254"/>
        <Entity template="bike_01" id="1282" pos="-6.25000048 0.579522491 6.12500048" rot="-0.664463282 -0.707106829 0.241844967 -0.664463222 0.707106948 0.241844937 -0.342020333 0 -0.939692736" group="256"/>
        <Entity template="decal_scratches_large_02" id="1371" pos="4.25 0.00999999978 4.625" scale="1.82000005" rot="0.0871556476 0 0.99619478 0 1 0 -0.99619478 0 0.0871556476" group="326"/>
        <Entity template="sedan_02_white" id="1182" pos="5.47500086 0 6.00000048" rot="-0.99619472 0 0.0871556923 0 1 0 -0.0871556923 0 -0.99619472" group="191"/>
        <Entity template="sedan_02_white_door_left" id="1183" pos="6.20035696 0 6.31441736" rot="-0.99619472 0 0.0871556923 0 1 0 -0.0871556923 0 -0.99619472" group="191"/>
        <Entity template="sedan_02_white_door_right" id="1184" pos="4.70606422 0 6.18368292" rot="-0.99619472 0 0.0871556923 0 1 0 -0.0871556923 0 -0.99619472" group="191"/>
        <Entity template="sedan_02_glass_back" id="1185" pos="5.59309816 0 4.65015888" rot="-0.99619472 0 0.0871556923 0 1 0 -0.0871556923 0 -0.99619472" group="191"/>
        <Entity template="sedan_02_glass_front" id="1186" pos="5.42488623 0 6.57281208" rot="-0.99619472 0 0.0871556923 0 1 0 -0.0871556923 0 -0.99619472" group="191"/>
        <Entity template="sedan_02_glass_door_right" id="1187" pos="4.80960751 5.96046448e-08 6.14757061" rot="-0.99619472 0 0.0871556923 0 1 0 -0.0871556923 0 -0.99619472" group="191"/>
        <Entity template="sedan_02_glass_left" id="1189" pos="6.18789434 5.96046448e-08 5.30950546" rot="-0.99619472 0 0.0871556923 0 1 0 -0.0871556923 0 -0.99619472" group="191"/>
        <Entity template="sedan_02_glass_door_left" id="1188" pos="6.10378885 5.96046448e-08 6.27083492" rot="-0.99619472 0 0.0871556923 0 1 0 -0.0871556923 0 -0.99619472" group="191"/>
        <Entity template="sedan_02_glass_right" id="1181" pos="4.89284086 5.96046448e-08 5.19620371" rot="-0.99619472 0 0.0871556923 0 1 0 -0.0871556923 0 -0.99619472" group="191"/>
        <Entity template="wind_desert_02_mn" id="1384" pos="7.875 1.60000002 11.875001" rot="1 0 0 0 1 0 0 0 1">
            <SoundEmitter minAttenuationDistance="7.8000002" maxAttenuationDistance="10.9"/>
        </Entity>
        <Entity template="dog_barking" id="1386" pos="-0.125 1.60000002 9.125" rot="1 0 0 0 1 0 0 0 1" group="336">
            <SoundEmitter minAttenuationDistance="6" maxAttenuationDistance="8.6999998"/>
        </Entity>
        <Entity template="dog_barking_far" id="1388" pos="12.750001 1.60000002 -6.12500048" rot="1 0 0 0 1 0 0 0 1" group="338">
            <SoundEmitter minAttenuationDistance="5.9000001" maxAttenuationDistance="9.8999996"/>
        </Entity>
        <Entity template="low_stone_wall_03" id="1032" pos="0.625 0.490038961 3" rot="1 0 0 0 1 0 0 0 1" group="163"/>
        <Entity template="door_mat" id="1399" pos="-1.44333339 0.0363290124 2.15499997" rot="-8.74227766e-08 0 -1 0 1 0 1 0 -8.74227766e-08" group="347"/>
        <Entity template="pipes_small_01" id="1261" pos="-3.62500024 1.65583785e-07 1.91476154" rot="-2.38418579e-07 0 -1.0000006 0 1 0 1.0000006 0 -2.38418579e-07" group="236"/>
        <Entity template="brick_stack_01" id="364" pos="-6.75000048 0 5.37500048" rot="0.500000179 0 0.866025507 0 1 0 -0.866025507 0 0.500000179" group="83"/>
        <Entity template="RMG Building Entrance" id="29" pos="-1.50000012 0.00100000005 1.50000012" rot="-1 0 -7.4505806e-09 0 1 0 7.4505806e-09 0 -1">
            <Targets num="1" id0="20"/>
            <RandStart tags="entrance" theme="residential" shapeFillMin="0.801">
                <Limits>
                    <Limit min="1" max="1" tags="bedroom"/>
                    <Limit min="0" max="1" tags="bathroom"/>
                    <Limit min="1" max="1" tags="kitchen"/>
                    <Limit min="0" max="1" tags="hallway"/>
                </Limits>
            </RandStart>
        </Entity>
        <Entity template="shrub_03" id="71" pos="0 0.201024577 2.00000024" rot="-0.173648074 0 -0.984808385 0 1 0 0.984808385 0 -0.173648074"/>
        <Entity template="fence_chainlink_01" id="333" pos="7.34967756 0 -5.7834506" rot="-0.984808266 0 -0.173648357 0 1 0 0.173648357 0 -0.984808266" group="65"/>
        <Entity template="fence_chainlink_01" id="334" pos="9.06756687 1.62921054e-08 -6.11936235" rot="-0.984808385 0 -0.173648313 0 1 0 0.173648313 0 -0.984808385" group="66"/>
        <Entity template="Deploy Slot" id="140" pos="-7.50000048 0.100000001 -0.75000006" rot="-1 0 1.49011612e-07 0 1 0 -1.49011612e-07 0 -1"/>
        <Entity template="humvee" id="4301" pos="-11.000001 0 -0.37500003" rot="-0.0871556625 0 -0.99619478 0 1 0 0.99619478 0 -0.0871556625" group="352"/>
        <Entity template="humvee_topshield" id="4302" pos="-11.000001 0 -0.37500003" rot="-0.0871556625 0 -0.99619478 0 1 0 0.99619478 0 -0.0871556625" group="352"/>
        <Entity template="humvee_door_frontleft" id="4303" pos="-10.417676 0 -1.52360368" rot="-0.0871556625 0 -0.99619478 0 1 0 0.99619478 0 -0.0871556625" group="352"/>
        <Entity template="humvee_door_frontright" id="4304" pos="-10.6309557 0 0.856844664" rot="-0.0871556625 0 -0.99619478 0 1 0 0.99619478 0 -0.0871556625" group="352"/>
        <Entity template="humvee_door_backleft" id="4305" pos="-11.47861 0 -1.61642432" rot="-0.0871556625 0 -0.99619478 0 1 0 0.99619478 0 -0.0871556625" group="352"/>
        <Entity template="humvee_door_backright" id="4306" pos="-11.6819324 0 0.764896035" rot="-0.0871556625 0 -0.99619478 0 1 0 0.99619478 0 -0.0871556625" group="352"/>
        <Entity template="humvee_glass_front" id="4307" pos="-10.0038023 0 -0.287844062" rot="-0.0871556625 0 -0.99619478 0 1 0 0.99619478 0 -0.0871556625" group="352"/>
        <Entity template="humvee_glass_door_frontleft" id="4308" pos="-10.417676 0 -1.52360368" rot="-0.0871556625 0 -0.99619478 0 1 0 0.99619478 0 -0.0871556625" group="352"/>
        <Entity template="humvee_glass_door_frontright" id="4309" pos="-10.6309557 0 0.856844664" rot="-0.0871556625 0 -0.99619478 0 1 0 0.99619478 0 -0.0871556625" group="352"/>
        <Entity template="humvee_glass_door_backright" id="4310" pos="-11.6819324 0 0.764896035" rot="-0.0871556625 0 -0.99619478 0 1 0 0.99619478 0 -0.0871556625" group="352"/>
        <Entity template="humvee_cover" id="4311" pos="-11.000001 0 -0.37500003" rot="-0.0871556625 0 -0.99619478 0 1 0 0.99619478 0 -0.0871556625" group="352"/>
        <Entity template="humvee_glass_door_backleft" id="4312" pos="-11.47861 0 -1.61642432" rot="-0.0871556625 0 -0.99619478 0 1 0 0.99619478 0 -0.0871556625" group="352"/>
        <Entity template="Deploy Slot" id="4313" pos="-7.50000048 0.100000001 0.5" rot="-1 0 1.56462193e-07 0 1 0 -1.56462193e-07 0 -1"/>
        <Entity template="Deploy Slot" id="4314" pos="-6.37500048 0.100000001 2.125" rot="0.57357657 0 0.819151998 0 1 0 -0.819151998 0 0.57357657"/>
        <Entity template="low_stone_wall_03" id="119" pos="0.625 0.490038961 5.12500048" rot="1 0 0 0 1 0 0 0 1" group="349"/>
        <Entity template="RMG Anchor" id="6625" pos="6.87500048 0.00100000005 1.50000012" rot="1 0 0 0 1 0 0 0 1">
            <RandAnchor tags="" mandatory="false"/>
        </Entity>
        <Entity template="fence_chainlink_01" id="2995" pos="3.50000024 1.62921054e-08 -5.62500048" rot="-1 0 1.56462193e-07 0 1 0 -1.56462193e-07 0 -1"/>
        <Entity template="fence_chainlink_01" id="2996" pos="1.62500012 1.62921054e-08 -5.62500048" rot="-1 0 1.56462193e-07 0 1 0 -1.56462193e-07 0 -1"/>
        <Entity template="fence_chainlink_01" id="2997" pos="-0.25 1.62921054e-08 -5.62500048" rot="-1 0 1.56462193e-07 0 1 0 -1.56462193e-07 0 -1"/>
        <Entity template="fence_chainlink_01" id="2998" pos="-2.125 1.62921054e-08 -5.62500048" rot="-1 0 1.56462193e-07 0 1 0 -1.56462193e-07 0 -1"/>
        <Entity template="fence_chainlink_01" id="3000" pos="-4 1.62921054e-08 -5.62500048" rot="-1 0 1.56462193e-07 0 1 0 -1.56462193e-07 0 -1"/>
        <Entity template="fence_chainlink_01" id="3001" pos="5.37500095 1.62921054e-08 -5.62500048" rot="-1 0 1.56462193e-07 0 1 0 -1.56462193e-07 0 -1"/>
        <Entity template="RMG Anchor" id="7410" pos="-4.875 0.00100000005 1.37500012" rot="1 0 0 0 1 0 0 0 1">
            <RandAnchor tags="" mandatory="false"/>
        </Entity>
        <Entity template="Movement Blocker" id="1362" pos="-9.125 0 -6.12500048" rot="1 0 0 0 1 0 0 0 1" group="317">
            <Wall numTrees="1" numNodes="8">
                <Branch parent="0" p0="0 0" p1="0 12.250001" p2="18.25 12.250001" p3="18.25 -0.125" p4="14.25 0.375" p5="13.375 0.375" p6="13.375 0.375" p7="0.25 0.25"/>
            </Wall>
        </Entity>
        <Entity template="Ranger Assaulter" id="9" pos="-6.37500048 9.31322575e-10 2.125" rot="0.57357645 0 0.819151998 0 1 0 -0.819151998 0 0.57357645">
            <Human needsRescue="false">
                <Traits/>
            </Human>
        </Entity>
        <Entity template="Ranger Assaulter" id="14" pos="-7.62500048 9.31322575e-10 1.75000012" rot="0.342020214 0 0.939692616 0 1 0 -0.939692616 0 0.342020214">
            <Human needsRescue="false">
                <Traits/>
            </Human>
        </Entity>
        <Entity template="fence_metal_02_02" id="2079" pos="-5.37500048 1.5866398e-08 1.62500012" rot="-1 0 3.12924385e-07 0 1 0 -3.12924385e-07 0 -1"/>
        <Entity template="fence_metal_02_02" id="2080" pos="-5.87500048 1.5866398e-08 1.50000012" rot="-0.866025269 0 0.500000179 0 1 0 -0.500000179 0 -0.866025269"/>
        <Entity template="fence_metal_02_02" id="2081" pos="-6.25000048 1.5866398e-08 1.125" rot="-0.57357645 0 0.819152176 0 1 0 -0.819152176 0 -0.57357645"/>
        <Entity template="fence_metal_02_02" id="2082" pos="-6.37500048 1.5866398e-08 0.625" rot="-3.7252903e-08 0 1 0 1 0 -1 0 -3.7252903e-08"/>
        <Entity template="fence_metal_02_02" id="2083" pos="-6.37500048 1.5866398e-08 0.125" rot="-3.7252903e-08 0 1 0 1 0 -1 0 -3.7252903e-08"/>
        <Entity template="fence_metal_02_02" id="2084" pos="-6.37500048 1.5866398e-08 -0.37500003" rot="-3.7252903e-08 0 1 0 1 0 -1 0 -3.7252903e-08"/>
        <Entity template="fence_metal_02_02" id="2085" pos="-6.37500048 1.5866398e-08 -0.87500006" rot="-3.7252903e-08 0 1 0 1 0 -1 0 -3.7252903e-08"/>
        <Entity template="fence_metal_02_02" id="2086" pos="-6.37500048 1.5866398e-08 -1.37500012" rot="-3.7252903e-08 0 1 0 1 0 -1 0 -3.7252903e-08"/>
        <Entity template="fence_metal_02_02" id="2093" pos="-6.25000048 1.5866398e-08 -1.87500012" rot="0.50000006 0 0.866025388 0 1 0 -0.866025388 0 0.50000006"/>
        <Entity template="grass_02" id="28" pos="7.72125578 0 -3.17398334" rot="1 0 0 0 1 0 0 0 1"/>
        <Entity template="grass_01" id="26" pos="-5.74578142 0 -2.55750895" rot="0.173648387 0 -0.984808207 0 1 0 0.984808207 0 0.173648387"/>
        <Entity template="RescueZone" id="3075" pos="-8 0.0299999993 -2.25" scale="0.899999976" rot="1 0 6.70552254e-08 0 1 0 -6.70552254e-08 0 1"/>
        <Entity template="HVT EscapeZone" id="3077" pos="-1.50000012 0.0299999993 5.25000048" rot="1 0 0 0 1 0 0 0 1"/>
        <Entity template="RMG Building Shape" id="1" pos="-5.25000048 0.100000001 -3.50000024" rot="1 0 0 0 1 0 0 0 1">
            <PolyShape num="5" p0="0 0 0" p1="0 0 -2.00000024" p2="-4.37499952 0 -2.00000024" p3="-4.37499952 0 0" p4="0 0 0"/>
        </Entity>
        <Entity template="RMG Anchor" id="4999" pos="0.625 0.00100000005 1.25" rot="1 0 0 0 1 0 0 0 1">
            <RandAnchor tags="" mandatory="false"/>
        </Entity>
        <Entity template="RMG Building Shape" id="2072" pos="-6.25000048 0.100000001 -0.25" rot="1 0 0 0 1 0 0 0 1">
            <PolyShape num="7" p0="0 0 0" p1="1.25000048 0 0" p2="1.25000048 0 1.75000012" p3="0.625 0 1.75000012" p4="0.25 0 1.5" p5="0 0 1.125" p6="0 0 0"/>
        </Entity>
        <Entity template="grass_02" id="17" pos="8.14282608 0 -2.66109061" rot="0.258819103 0 0.965928078 0 1 0 -0.965928078 0 0.258819103"/>
        <Entity template="barrel_01" id="93" pos="8.87033272 0.515030205 0.658997297" rot="1 0 0 0 1 0 0 0 1"/>
        <Entity template="barrel_01" id="94" pos="8.50551796 0.515030205 0.15905571" rot="0.939692676 0 0.342020154 0 1 0 -0.342020154 0 0.939692676"/>
        <Entity template="grass_02" id="891" pos="-4 0 0" rot="0.469471812 0 0.882947505 0 1 0 -0.882947505 0 0.469471812"/>
        <Entity template="grass_02" id="892" pos="-2 0 0" rot="0.358367741 0 -0.933580518 0 1 0 0.933580518 0 0.358367741"/>
        <Entity template="grass_02" id="893" pos="0 0 0" rot="-0.719339907 0 -0.694658339 0 1 0 0.694658339 0 -0.719339907"/>
        <Entity template="grass_01" id="895" pos="-3.00000024 0 0.87500006" rot="-0.719339728 0 0.694658458 0 1 0 -0.694658458 0 -0.719339728"/>
        <Entity template="grass_01" id="896" pos="-1 0 0.87500006" rot="-0.857167423 0 -0.515037954 0 1 0 0.515037954 0 -0.857167423"/>
        <Entity template="grass_01" id="897" pos="0 0 0.87500006" rot="0.43837139 0 0.898793995 0 1 0 -0.898793995 0 0.43837139"/>
        <Entity template="grass_01" id="913" pos="-1 0 0" rot="0.788011134 0 0.615661025 0 1 0 -0.615661025 0 0.788011134"/>
        <Entity template="grass_01" id="938" pos="-3.00000024 0 0" rot="0.99984771 0 -0.0174539089 0 1 0 0.0174539089 0 0.99984771"/>
        <Entity template="grass_01" id="939" pos="-2 0 1" rot="1.55717134e-06 0 1 0 1 0 -1 0 1.55717134e-06"/>
        <Entity template="grass_01" id="940" pos="-4 0 1" rot="-0.809016109 0 0.587786555 0 1 0 -0.587786555 0 -0.809016109"/>
        <Entity template="Terrain" id="1363" pos="9 0 6.00000048" rot="1 0 0 0 1 0 0 0 1" group="318" layerMask="1">
            <PolyShape num="10" p0="0 0 0" p1="0 0 -12.000001" p2="-0.875 0 -11.875001" p3="-3.87499952 0 -11.500001" p4="-4 0 -11.625001" p5="-14.125 0 -11.625001" p6="-14.125 0 -11.375001" p7="-18 0 -11.375001" p8="-18 0 0" p9="0 0 0"/>
        </Entity>
        <Entity template="Danger Area" id="2386" pos="-5 0.100000001 1.50000012" rot="1 0 0 0 1 0 0 0 1" layerMask="1">
            <PolyShape num="10" p0="0 0 0" p1="5.875 0 0" p2="5.875 0 1.50000012" p3="12 0 1.50000012" p4="12 0 -0.375" p5="14 0 -0.375000119" p6="13.875 0 -7.50000048" p7="10.125 0 -7.00000048" p8="0 0 -7.00000048" p9="0 0 0"/>
        </Entity>
        <Entity template="RMG Building Shape" id="20" pos="-5 0.100000001 -5.50000048" rot="1 0 0 0 1 0 0 0 1" layerMask="1">
            <PolyShape num="8" p0="0 0 0" p1="0 0 7.00000048" p2="5.875 0 7.00000048" p3="5.875 0 8.50000095" p4="12 0 8.50000095" p5="12 0 2.00000024" p6="12 0 0" p7="0 0 0"/>
        </Entity>
        <Entity template="blocks_bricks_cylinders_pile_02" id="49" pos="-4.375 0.00999999978 -4.875" rot="0.984807789 0 0.173648164 0 1 0 -0.173648164 0 0.984807789" layerMask="536870912"/>
        <Entity template="blocks_bricks_metalsheet_papers_carton_pile_01" id="50" pos="-3.12593937 0.00999999978 -4.53671265" rot="-0.0871555805 0 -0.99619472 0 1 0 0.99619472 0 -0.0871555805" layerMask="536870912"/>
        <Entity template="blocks_bricks_papers_crates_planks_pile_03" id="51" pos="-3.96515179 0.00999999978 -3.95121574" rot="0.984807789 0 0.173648164 0 1 0 -0.173648164 0 0.984807789" layerMask="536870912"/>
        <Entity template="blocks_bricks_papers_crates_planks_window_pile_03" id="52" pos="-3.28701878 0.00999999978 -3.56214714" rot="0.766044497 0 0.642787635 0 1 0 -0.642787635 0 0.766044497" layerMask="536870912"/>
        <Entity template="debris_crate_02" id="53" pos="-4.97205067 0.361348927 -3.87017059" rot="0.719611943 -0.694272041 -0.0120439958 0.627506912 0.642787635 0.439384937 -0.297311008 -0.323744327 0.898218095" layerMask="536870912"/>
        <Entity template="debris_crate_03" id="54" pos="-3.19165897 0.302606136 -2.86844635" rot="0.250000089 0.433012694 -0.866025329 -0.866025329 0.50000006 0 0.433012724 0.75 0.500000119" layerMask="536870912"/>
        <Entity template="debris_box" id="55" pos="-2.36466694 0.127437726 -3.89949989" rot="0.906307876 0 0.42261827 0 1 0 -0.42261827 0 0.906307876" layerMask="536870912"/>
        <Entity template="bush_05" id="56" pos="-2.67581844 8.75245973e-08 -4.70713043" scale="0.799999952" rot="-0.906307638 0 -0.422618538 0 1 0 0.422618538 0 -0.906307638" layerMask="536870912"/>
        <Entity template="bush_04" id="58" pos="-3.39378738 6.11959479e-08 -4.03471565" rot="0.0523361489 0 -0.99862951 0 1 0 0.99862951 0 0.0523361489" layerMask="536870912"/>
        <Entity template="bush_05" id="62" pos="-4.1704216 7.65840227e-08 -2.86942291" scale="0.699999928" rot="-0.499999881 0 -0.866025567 0 1 0 0.866025567 0 -0.499999881" layerMask="536870912"/>
        <Entity template="bush_05" id="66" pos="-4.4209528 7.65840227e-08 -3.58761215" scale="0.699999928" rot="0.984807909 0 -0.173647702 0 1 0 0.173647702 0 0.984807909" layerMask="536870912"/>
        <Entity template="blocks_bricks_papers_crates_planks_pile_01" id="82" pos="-1.50000012 0.0100002289 -4.125" rot="0.173648328 0 0.984807789 0 1 0 -0.984807789 0 0.173648328" layerMask="536870912"/>
        <Entity template="blocks_bricks_papers_crates_planks_pile_03" id="83" pos="-0.363363743 0.0100002289 -4.4630909" rot="0.939692676 0 -0.342020154 0 1 0 0.342020154 0 0.939692676" layerMask="536870912"/>
        <Entity template="blocks_bricks_papers_crates_planks_window_pile_02" id="85" pos="-0.0662722886 0.0100002289 -3.60293818" rot="0.819152057 0 0.573576331 0 1 0 -0.573576331 0 0.819152057" layerMask="536870912"/>
        <Entity template="blocks_bricks_papers_crates_planks_pile_02" id="89" pos="1.12145615 0.0100002289 -4.73978806" rot="-0.342020005 0 0.939692736 0 1 0 -0.939692736 0 -0.342020005" layerMask="536870912"/>
        <Entity template="debris_cartonbox" id="90" pos="-0.639848828 0.79299736 -4.42209053" rot="0.707106829 -0.183012694 0.683012664 0 0.965925872 0.258819044 -0.707106769 -0.183012754 0.683012784" layerMask="536870912"/>
        <Entity template="bush_04" id="95" pos="1.01906168 -0.150000095 -4.66809225" rot="-0.0348997675 0 -0.999390841 0 1 0 0.999390841 0 -0.0348997675" layerMask="536870912"/>
        <Entity template="bush_04" id="98" pos="-0.414454639 0.199999809 -3.66433215" rot="-0.0348997675 0 -0.999390841 0 1 0 0.999390841 0 -0.0348997675" layerMask="536870912"/>
        <Entity template="debris_barrel" id="127" pos="6.12500048 0.265019983 -4.625" rot="0.819152057 0 -0.573576331 0 1 0 0.573576331 0 0.819152057" layerMask="536870912"/>
        <Entity template="car_tire_01" id="128" pos="6.11686754 0.360008121 -5.14885616" rot="0.819152057 0.538985491 -0.196174741 0 0.342020243 0.939692557 0.573576391 -0.769751072 0.280166626" layerMask="536870912"/>
        <Entity template="car_tire_02" id="129" pos="6.67336702 0.36107406 -4.86969948" rot="0.321393818 0.883022249 0.342020065 -0.939692557 0.342020243 0 -0.116977796 -0.321393877 0.939692676" layerMask="536870912"/>
        <Entity template="car_tire_02" id="130" pos="5.4264884 0.10238114 -5.11532688" rot="0.54463923 0 -0.838670492 0 1 0 0.838670492 0 0.54463923" layerMask="536870912"/>
        <Entity template="car_tire_02" id="131" pos="5.51462698 0.511543155 -5.09079123" rot="0.663414001 -0.556670368 -0.49999994 0.642787576 0.766044497 0 0.383022189 -0.321393758 0.866025388" layerMask="536870912"/>
        <Entity template="debris_crate_01" id="132" pos="6.34468794 0.256219864 -5.37223482" rot="-0.819151878 0.496731848 0.286788404 0 0.500000119 -0.866025448 -0.57357657 -0.709406435 -0.409576058" layerMask="536870912"/>
        <Entity template="debris_stone_broken" id="133" pos="6.33212614 0.118491292 -4.14661169" rot="0.99984771 0 0.0174525511 0 1 0 -0.0174525511 0 0.99984771" layerMask="536870912"/>
        <Entity template="car_tire_01" id="134" pos="5.35939646 0.31916362 -4.48240709" rot="-0.710485339 -0.588810802 0.385373145 -0.0298091732 0.572319329 0.819488943 -0.703080595 0.570747018 -0.424176395" layerMask="536870912"/>
        <Entity template="cinderblocksbricks_pile_02" id="135" pos="5.35436296 0.0100000054 -4.55448723" rot="0.906307876 0 -0.42261827 0 1 0 0.42261827 0 0.906307876" layerMask="536870912"/>
        <Entity template="brick_stack_01" id="158" pos="3.62500024 0 -2.75000024" rot="0.0871566013 0 -0.996194661 0 1 0 0.996194661 0 0.0871566013" layerMask="536870912"/>
        <Entity template="pallet_01" id="160" pos="4.45107651 0 -4.36895084" rot="-0.34202072 0 0.939692438 0 1 0 -0.939692438 0 -0.34202072" layerMask="536870912"/>
        <Entity template="pallet_01" id="161" pos="4.46116161 0.151390612 -4.34969616" rot="-0.173648492 0 0.984807789 0 1 0 -0.984807789 0 -0.173648492" layerMask="536870912"/>
        <Entity template="pallet_02" id="162" pos="4.79155922 0.337162435 -3.61777973" rot="0.965925753 0.148452416 0.212012708 0 0.819152117 -0.573576391 -0.25881961 0.55403161 0.791240394" layerMask="536870912"/>
        <Entity template="pallet_01" id="163" pos="4.50502396 0.3027578 -4.30729008" rot="-0.707107067 0 0.707106531 0 1 0 -0.707106531 0 -0.707107067" layerMask="536870912"/>
        <Entity template="crate_01" id="164" pos="3.60133386 0.237232506 -3.70834446" rot="-2.8982754e-06 0 1 0 1 0 -1 0 -2.8982754e-06" layerMask="536870912"/>
        <Entity template="crate_01" id="165" pos="3.22866893 0.237232506 -4.49509048" rot="0.342024505 0 -0.939691067 0 1 0 0.939691067 0 0.342024505" layerMask="536870912"/>
        <Entity template="crate_01" id="166" pos="2.0270493 0.237232506 -4.05340767" rot="-0.819156408 0 0.573570132 0 1 0 -0.573570132 0 -0.819156408" layerMask="536870912"/>
        <Entity template="brick_stack_01" id="167" pos="2.42783093 0 -2.94626904" rot="0.866025746 0 -0.499999583 0 1 0 0.499999583 0 0.866025746" layerMask="536870912"/>
        <Entity template="gas_cylinder" id="168" pos="4.05285549 0.550000012 -3.51625729" rot="0.342019975 -0.939692736 5.81145287e-07 0.604022861 0.21984674 0.766044319 -0.719846427 -0.262002051 0.642787695" layerMask="536870912"/>
        <Entity template="tire_tractor" id="169" pos="2.42783689 0.193545282 -4.94626904" rot="8.94069672e-07 0 -1 0 1 0 1 0 8.94069672e-07" layerMask="536870912"/>
        <Entity template="tire_tractor" id="170" pos="2.42784953 0.581264019 -4.44627953" rot="0.965925932 0 -0.258818895 0 1 0 0.258818895 0 0.965925932" layerMask="536870912"/>
        <Entity template="tire_tractor" id="171" pos="3.80284977 0.495326519 -4.69626427" rot="-0.573570788 0 0.819156051 0 1 0 -0.819156051 0 -0.573570788" layerMask="536870912"/>
        <Entity template="blocks_bricks_cylinders_pile_06" id="172" pos="2.67785454 0.00999999046 -2.57125783" rot="8.94069672e-07 0 -1 0 1 0 1 0 8.94069672e-07" layerMask="536870912"/>
        <Entity template="tire_tractor" id="174" pos="2.9278543 0.968959332 -4.57126522" rot="0.258826643 0 0.965923846 0 1 0 -0.965923846 0 0.258826643" layerMask="536870912"/>
        <Entity template="bush_05" id="176" pos="-2 1.09405754e-07 -5.12500048" rot="0.866025388 0 -0.49999994 0 1 0 0.49999994 0 0.866025388" layerMask="536870912"/>
        <Entity template="grass_02" id="877" pos="6.00000048 0 -4" rot="0.57357645 0 0.819152057 0 1 0 -0.819152057 0 0.57357645" layerMask="536870912"/>
        <Entity template="grass_02" id="878" pos="4 0 -4" rot="0.990268111 0 -0.139173374 0 1 0 0.139173374 0 0.990268111" layerMask="536870912"/>
        <Entity template="grass_02" id="879" pos="2 0 -4" rot="-0.573576808 0 -0.819151759 0 1 0 0.819151759 0 -0.573576808" layerMask="536870912"/>
        <Entity template="grass_02" id="880" pos="0 0 -4" rot="0.777146339 0 0.629320085 0 1 0 -0.629320085 0 0.777146339" layerMask="536870912"/>
        <Entity template="grass_02" id="881" pos="-2 0 -4" rot="0.694658041 0 -0.719340146 0 1 0 0.719340146 0 0.694658041" layerMask="536870912"/>
