<Map name="@map_rescueatdawn">
    <Scenario type="None" numDeployableTroops="4" referenceWinTimeSeconds="35" challenges="0" nightMission="false"/>
    <Graphics fogColor="E8C47C" fogDensity="0" windSpeed="0.068999998" windDirection="45" cloudDensity="1" waterClarity="0.94999999" rainAmount="0" terrainNormalsStrength="1" terrainSharpness="0.5" gossaoStrength="3" gossaoStrengthTerrain="5" gossaoDirectionalOcclusion="0" gossaoLevelsMin="0.050000001"/>
    <Terrain widthMeters="32" heightMeters="20">
        <Materials num="4" mat0="dirt_to_grass" mat1="asphalt" mat2="dirt_to_grass_02" mat3="pavement_02"/>
    </Terrain>
    <MusicTracks/>
    <Layers used="63" l2="1" l3="1" l4="2" l5="2"/>
    <Entities>
        <Entity template="Floor" id="1" pos="0.5 0 -4.5" rot="1 0 0 0 1 0 0 0 1"/>
        <Entity template="Light Ambiental" id="2" pos="-14.125001 2.0999999 -11.250001" rot="1 0 0 0 1 0 0 0 1">
            <Light color0="DAE2F6" color1="9EA3B0" colorMultiplier="0.49000001" isIndoorLight="false" startDisabled="false"/>
        </Entity>
        <Entity template="fence_stone_01" id="18" pos="-13.000001 0 6.37500048" rot="1 0 0 0 1 0 0 0 1">
            <Wall numTrees="1" numNodes="2">
                <Branch parent="0" p0="0 0" p1="0 -15.125"/>
            </Wall>
        </Entity>
        <Entity template="fence_stone_01" id="19" pos="-12.500001 0 -9.25" rot="1 0 0 0 1 0 0 0 1">
            <Wall numTrees="1" numNodes="2">
                <Branch parent="0" p0="0 0" p1="25.5000038 0"/>
            </Wall>
        </Entity>
        <Entity template="fence_stone__pole_01" id="26" pos="4.75 0 6.875" rot="1 0 0 0 1 0 0 0 1"/>
        <Entity template="fence_stone__pole_01" id="28" pos="6.25000191 0 6.875" rot="1 0 0 0 1 0 0 0 1"/>
        <Entity template="fence_stone__pole_01" id="22" pos="10.75 0 6.875" rot="1 0 0 0 1 0 0 0 1"/>
        <Entity template="fence_stone__pole_01" id="41" pos="-13.000001 0 6.87500048" rot="1 0 0 0 1 0 0 0 1"/>
        <Entity template="fence_stone__pole_01" id="42" pos="-13.000001 0 -9.25" rot="1 0 0 0 1 0 0 0 1"/>
        <Entity template="fence_stone__pole_01" id="43" pos="13.500001 0 -9.25" rot="1 0 0 0 1 0 0 0 1"/>
        <Entity template="fence_stone__pole_01" id="45" pos="13.375001 0 6.87500048" rot="1 0 0 0 1 0 0 0 1"/>
        <Entity template="fence_stone_01" id="46" pos="12.875001 0 6.87500048" rot="1 0 0 0 1 0 0 0 1">
            <Wall numTrees="1" numNodes="2">
                <Branch parent="0" p0="0 0" p1="-1.625 0"/>
            </Wall>
        </Entity>
        <Entity template="Light Ambiental" id="65" pos="-13.5000019 2.0999999 -11.0000019" rot="1 0 0 0 1 0 0 0 1">
            <Light color0="FFFFFF" color1="FFFFFF" colorMultiplier="0.25999999" isIndoorLight="true" startDisabled="false"/>
        </Entity>
        <Entity template="Light Directional" id="67" pos="-12.5000019 0 -11.0000019" rot="-0.191276491 0.895492077 0.40188235 -0.682519615 0.172904849 -0.710121334 -0.705394924 -0.41012162 0.578117192">
            <Light color="F9C79F" colorMultiplier="2.5799999" isIndoorLight="false" startDisabled="false"/>
        </Entity>
        <Entity template="platform_square" id="140" pos="-14.999999 -0.0399999991 7.49999714" rot="1.78813934e-07 3.7252903e-09 -1.0000006 -0.0871556997 0.99619472 0 0.996195436 0.0871557742 0"/>
        <Entity template="Terrain" id="141" pos="-15.625001 0 6.625" rot="1 0 0 0 1 0 0 0 1">
            <PolyShape num="9" p0="0 0 0" p1="2.375 0 4.76837158e-07" p2="2.375 0 -16.125" p3="29.3750019 0 -16.125" p4="29.3750019 0 4.76837158e-07" p5="31.3750019 0 4.76837158e-07" p6="31.3750019 0 3.50000095" p7="-0.25 0 3.50000095" p8="0 0 0"/>
        </Entity>
        <Entity template="Movement Blocker" id="142" pos="-16.25 0 6.50000048" rot="1 0 0 0 1 0 0 0 1">
            <Wall numTrees="1" numNodes="9">
                <Branch parent="0" p0="0 0" p1="2.87499905 0" p2="2.87499905 -16.125" p3="30.125 -16.125" p4="30.125 0" p5="32.25 0" p6="32.25 4.12500048" p7="-0.375 4.12500048" p8="0 0.25"/>
            </Wall>
        </Entity>
        <Entity template="fence_stone_02" id="143" pos="13.875001 0 6.87500048" rot="1 0 0 0 1 0 0 0 1">
            <Wall numTrees="1" numNodes="2">
                <Branch parent="0" p0="0 0" p1="1.375 0"/>
            </Wall>
        </Entity>
        <Entity template="fence_stone_02" id="144" pos="-17.125 0 6.87500048" rot="1 0 0 0 1 0 0 0 1">
            <Wall numTrees="1" numNodes="2">
                <Branch parent="0" p0="1.87499905 0" p1="3.62499905 0"/>
            </Wall>
        </Entity>
        <Entity template="grass_01_02" id="147" pos="-6.80906868 0 -6.06209564" rot="-0.258815378 0 0.965926886 0 1 0 -0.965926886 0 -0.258815378"/>
        <Entity template="grass_01_02" id="148" pos="-6.50188732 0 -6.27718735" rot="0.819149613 0 -0.573580086 0 1 0 0.573580086 0 0.819149613"/>
        <Entity template="grass_01_02" id="149" pos="-5.87722111 0 -6.25679302" rot="0.34201622 0 -0.939694047 0 1 0 0.939694047 0 0.34201622"/>
        <Entity template="grass_01_02" id="150" pos="-4.5 0 -5.37500048" rot="0.342023849 0 0.93969059 0 1 0 -0.93969059 0 0.342023849"/>
        <Entity template="grass_01_02" id="151" pos="-4.375 0 -5.62500048" rot="0.766045153 0 0.642784476 0 1 0 -0.642784476 0 0.766045153"/>
        <Entity template="grass_01_02" id="152" pos="-8.05541229 0 -5.55106211" rot="-0.25881651 0 0.965925336 0 1 0 -0.965925336 0 -0.25881651"/>
        <Entity template="grass_01_02" id="153" pos="-4.75067329 0 -5.51964092" rot="-2.71946169e-06 0 -1 0 1 0 1 0 -2.71946169e-06"/>
        <Entity template="grass_01_02" id="154" pos="-3.37500024 0 -5.50000048" rot="0.422615528 0 -0.906308353 0 1 0 0.906308353 0 0.422615528"/>
        <Entity template="grass_01_02" id="155" pos="-3.00000024 0 -5.50000048" rot="-0.573578537 0 -0.819150269 0 1 0 0.819150269 0 -0.573578537"/>
        <Entity template="grass_01_02" id="156" pos="-2.75000024 0 -5.50000048" rot="0.258820564 0 0.965925634 0 1 0 -0.965925634 0 0.258820564"/>
        <Entity template="grass_01_02" id="162" pos="-2.25 0 -5.50000048" rot="0.642788172 0 -0.766046762 0 1 0 0.766046762 0 0.642788172"/>
        <Entity template="grass_01_02" id="166" pos="1.37500012 0 -5.50000048" rot="-0.996194661 0 0.087156713 0 1 0 -0.087156713 0 -0.996194661"/>
        <Entity template="grass_01_02" id="169" pos="3.75 0 -3.87500048" rot="0.996198177 0 -0.0871561915 0 1 0 0.0871561915 0 0.996198177"/>
        <Entity template="grass_01_02" id="175" pos="3.37500024 0 -5.87500048" rot="-0.766045451 0 -0.64279449 0 1 0 0.64279449 0 -0.766045451"/>
        <Entity template="grass_01_02" id="176" pos="3.37500024 0 -4.875" rot="-0.173652187 0 0.984812617 0 1 0 -0.984812617 0 -0.173652187"/>
        <Entity template="grass_01_02" id="177" pos="3.37500024 0 -4.625" rot="-0.422624409 0 0.906311274 0 1 0 -0.906311274 0 -0.422624409"/>
        <Entity template="grass_01_02" id="180" pos="2.125 0 -8.125" rot="-0.906310797 0 -0.42262587 0 1 0 0.42262587 0 -0.906310797"/>
        <Entity template="grass_01_02" id="181" pos="3.12500024 0 -8.625" rot="-0.087150991 0 -0.996201277 0 1 0 0.996201277 0 -0.087150991"/>
        <Entity template="grass_01_02" id="182" pos="3.12500024 0 -8.625" rot="0.499997497 0 0.86603415 0 1 0 -0.86603415 0 0.499997497"/>
        <Entity template="grass_01_02" id="186" pos="3.62500024 0 -5.75000048" rot="-0.86603713 0 0.499994725 0 1 0 -0.499994725 0 -0.86603713"/>
        <Entity template="grass_01_02" id="189" pos="-2.125 0 -8.875" rot="-0.707103729 0 -0.707118928 0 1 0 0.707118928 0 -0.707103729"/>
        <Entity template="grass_01_02" id="190" pos="-2.87500024 0 -8.875" rot="-0.766056418 0 0.642782867 0 1 0 -0.642782867 0 -0.766056418"/>
        <Entity template="grass_01_02" id="191" pos="-3.37500024 0 -8.875" rot="-1.00000525 0 -9.4473362e-06 0 1 0 9.4473362e-06 0 -1.00000525"/>
        <Entity template="grass_01_02" id="192" pos="-4.625 0 -8.75" rot="0.984811544 0 0.173658162 0 1 0 -0.173658162 0 0.984811544"/>
        <Entity template="grass_01_02" id="193" pos="-6.12500048 0 -8.5" rot="-0.258811235 0 -0.965933383 0 1 0 0.965933383 0 -0.258811235"/>
        <Entity template="grass_01_02" id="194" pos="-6.62500048 0 -8.5" rot="0.0871473104 0 0.99620074 0 1 0 -0.99620074 0 0.0871473104"/>
        <Entity template="grass_01_02" id="195" pos="-7.50000048 0 -8.75" rot="-0.866025925 0 -0.500011444 0 1 0 0.500011444 0 -0.866025925"/>
        <Entity template="grass_01_02" id="196" pos="-8.375 0 -8.625" rot="0.819152117 0 0.573586583 0 1 0 -0.573586583 0 0.819152117"/>
        <Entity template="grass_01_02" id="198" pos="-10.250001 0 -8.5" rot="0.906310558 0 0.422627836 0 1 0 -0.422627836 0 0.906310558"/>
        <Entity template="grass_01_02" id="199" pos="-10.625001 0 -8.5" rot="0.342029214 0 -0.939696133 0 1 0 0.939696133 0 0.342029214"/>
        <Entity template="grass_01_02" id="200" pos="-11.375001 0 -8.25" rot="0.996201873 0 -0.087146759 0 1 0 0.087146759 0 0.996201873"/>
        <Entity template="grass_01_02" id="201" pos="-11.750001 0 -8" rot="0.0871644318 0 -0.996200383 0 1 0 0.996200383 0 0.0871644318"/>
        <Entity template="grass_01_02" id="202" pos="-11.500001 0 -7.87500048" rot="0.422629267 0 -0.906309307 0 1 0 0.906309307 0 0.422629267"/>
        <Entity template="grass_01_02" id="206" pos="-11.875001 0 -3.50000024" rot="-0.642795324 0 0.76604569 0 1 0 -0.76604569 0 -0.642795324"/>
        <Entity template="grass_01_02" id="207" pos="-12.250001 0 -3.875" rot="0.707107544 0 0.707113981 0 1 0 -0.707113981 0 0.707107544"/>
        <Entity template="grass_01_02" id="209" pos="-12.125001 0 -0.87500006" rot="2.47359276e-06 0 -1.00000656 0 1 0 1.00000656 0 2.47359276e-06"/>
        <Entity template="grass_01_02" id="210" pos="-12.250001 0 -0.125" rot="-0.984814107 0 -0.173651338 0 1 0 0.173651338 0 -0.984814107"/>
        <Entity template="grass_01_02" id="211" pos="-12.250001 0 0.75000006" rot="0.500001967 0 0.866031945 0 1 0 -0.866031945 0 0.500001967"/>
        <Entity template="grass_01_02" id="212" pos="-12.250001 0 1.62500012" rot="0.173648477 0 0.984814465 0 1 0 -0.984814465 0 0.173648477"/>
        <Entity template="grass_01_02" id="220" pos="-12.250001 0 5.50000048" rot="0.90631485 0 0.422618628 0 1 0 -0.422618628 0 0.90631485"/>
        <Entity template="grass_01_02" id="225" pos="-12.250001 0 -1" rot="0.707104325 0 0.707119167 0 1 0 -0.707119167 0 0.707104325"/>
        <Entity template="grass_01_02" id="247" pos="7.12500048 0 5.37500048" rot="0.258815646 0 0.96593231 0 1 0 -0.96593231 0 0.258815646"/>
        <Entity template="grass_01_02" id="248" pos="8.25 0 5.37500048" rot="0.766045451 0 0.642794788 0 1 0 -0.642794788 0 0.766045451"/>
        <Entity template="grass_01_02" id="249" pos="10.7500019 0 3.5" rot="0.984811842 0 0.173653141 0 1 0 -0.173653141 0 0.984811842"/>
        <Entity template="grass_01_02" id="259" pos="13.000001 0 2.125" rot="0.573581874 0 -0.819154561 0 1 0 0.819154561 0 0.573581874"/>
        <Entity template="grass_01_02" id="266" pos="14.750001 0 0.625" rot="0.642794073 0 -0.766046882 0 1 0 0.766046882 0 0.642794073"/>
        <Entity template="grass_02_02" id="268" pos="-12.000001 0 -8.25" rot="-0.422615469 0 0.906307817 0 1 0 -0.906307817 0 -0.422615469"/>
        <Entity template="grass_02_02" id="269" pos="-11.875001 -0.700000107 -7.12500048" rot="-0.422614336 0 0.906307638 0 1 0 -0.906307638 0 -0.422614336"/>
        <Entity template="grass_02_02" id="270" pos="-9.5 0 -5" rot="0.819153905 0 0.573572457 0 1 0 -0.573572457 0 0.819153905"/>
        <Entity template="grass_02_02" id="271" pos="-12.125001 0 -0.5" rot="0.422613561 0 -0.90631032 0 1 0 0.90631032 0 0.422613561"/>
        <Entity template="grass_02_02" id="272" pos="-12.250001 0 0.5" rot="0.93969506 0 0.342014581 0 1 0 -0.342014581 0 0.93969506"/>
        <Entity template="grass_02_02" id="273" pos="-12.250001 0 2.375" rot="-0.939695716 0 -0.342014968 0 1 0 0.342014968 0 -0.939695716"/>
        <Entity template="grass_02_02" id="274" pos="-12.125001 0 4" rot="-0.996196449 0 -0.0871500373 0 1 0 0.0871500373 0 -0.996196449"/>
        <Entity template="grass_02_02" id="277" pos="-6.14340258 0 -5.76521683" rot="0.766046584 0 0.642785013 0 1 0 -0.642785013 0 0.766046584"/>
        <Entity template="grass_02_02" id="278" pos="-3.75000024 0 -4.75" rot="-0.866026938 0 0.50000149 0 1 0 -0.50000149 0 -0.866026938"/>
        <Entity template="grass_02_02" id="279" pos="-2 0 -5" rot="0.819153488 0 -0.573578119 0 1 0 0.573578119 0 0.819153488"/>
        <Entity template="grass_02_02" id="280" pos="2.75000024 0 -8.5" rot="-0.173651889 0 -0.98481065 0 1 0 0.98481065 0 -0.173651889"/>
        <Entity template="grass_02_02" id="282" pos="2.75000024 0 -8.375" rot="0.707111716 0 0.707107604 0 1 0 -0.707107604 0 0.707111716"/>
        <Entity template="grass_02_02" id="284" pos="3.75 0 -4.25" rot="0.766048372 0 -0.642790973 0 1 0 0.642790973 0 0.766048372"/>
        <Entity template="grass_02_02" id="286" pos="4.375 0 0.24999997" rot="5.36441803e-07 0 -1.00000429 0 1 0 1.00000429 0 5.36441803e-07"/>
        <Entity template="grass_02_02" id="289" pos="4.25 0 5.12500048" rot="-0.173646957 0 -0.984812856 0 1 0 0.984812856 0 -0.173646957"/>
        <Entity template="grass_02_02" id="290" pos="10.875001 0 6.00000048" rot="-0.996200204 0 0.0871550888 0 1 0 -0.0871550888 0 -0.996200204"/>
        <Entity template="grass_02_02" id="291" pos="11.500001 0 5.87500048" rot="-0.906312644 0 0.422620356 0 1 0 -0.422620356 0 -0.906312644"/>
        <Entity template="grass_02_02" id="292" pos="12.125001 0 5.75000048" rot="-0.9063133 0 -0.422621071 0 1 0 0.422621071 0 -0.9063133"/>
        <Entity template="grass_02_02" id="293" pos="12.750001 0 2.87500024" rot="0.866028786 0 0.500005424 0 1 0 -0.500005424 0 0.866028786"/>
        <Entity template="grass_02_02" id="294" pos="12.750001 0 0.37500003" rot="-0.422624052 0 0.906312108 0 1 0 -0.906312108 0 -0.422624052"/>
        <Entity template="grass_02_02" id="295" pos="12.500001 0 1.12500012" rot="-0.984814107 0 -0.173652306 0 1 0 0.173652306 0 -0.984814107"/>
        <Entity template="grass_02_02" id="297" pos="11.750001 0 0.25" rot="-0.965934455 0 0.25881657 0 1 0 -0.25881657 0 -0.965934455"/>
        <Entity template="manhole_01_03" id="524" pos="-11.875001 0.00999999978 9.25" rot="1 0 0 0 1 0 0 0 1"/>
        <Entity template="manhole_01_03" id="525" pos="-1.125 0.00999999978 9.25" rot="1 0 0 0 1 0 0 0 1"/>
        <Entity template="manhole_01_03" id="526" pos="10.000001 0.00999999978 9.25" rot="1 0 0 0 1 0 0 0 1"/>
        <Entity template="shrub_03" id="534" pos="-9.875 0.201024577 -8.5" rot="1 0 0 0 1 0 0 0 1"/>
        <Entity template="shrub_03" id="535" pos="-10.125001 0.201024577 -8.5" rot="1.05053186e-06 0 -0.999999821 0 1 0 0.999999821 0 1.05053186e-06"/>
        <Entity template="shrub_03" id="536" pos="-10.500001 0.201024577 -8.5" rot="0.499999255 0 0.866026223 0 1 0 -0.866026223 0 0.499999255"/>
        <Entity template="shrub_03" id="537" pos="-11.000001 0.201024577 -8.5" rot="-0.258816153 0 -0.965926528 0 1 0 0.965926528 0 -0.258816153"/>
        <Entity template="shrub_03" id="538" pos="-11.375001 0.201024577 -8.625" rot="0.866027832 0 -0.49999699 0 1 0 0.49999699 0 0.866027832"/>
        <Entity template="shrub_03" id="539" pos="-11.625001 0.201024577 -8.625" rot="-0.422625661 0 0.906305194 0 1 0 -0.906305194 0 -0.422625661"/>
        <Entity template="shrub_03" id="540" pos="-12.000001 0.201024577 -8.5" rot="0.642793834 0 -0.76603955 0 1 0 0.76603955 0 0.642793834"/>
        <Entity template="shrub_03" id="541" pos="-12.125001 0.201024577 -8.125" rot="0.573581159 0 -0.81914866 0 1 0 0.81914866 0 0.573581159"/>
        <Entity template="shrub_03" id="542" pos="-12.625001 0.201024577 -4.375" rot="0.866021991 0 0.500006497 0 1 0 -0.500006497 0 0.866021991"/>
        <Entity template="shrub_03" id="543" pos="-12.750001 0.201024577 -2.87500024" rot="0.996195972 0 0.0871662349 0 1 0 -0.0871662349 0 0.996195972"/>
        <Entity template="shrub_03" id="544" pos="-12.250001 0.201024577 -1.25" rot="0.573568523 0 0.81915921 0 1 0 -0.81915921 0 0.573568523"/>
        <Entity template="shrub_03" id="545" pos="-12.250001 0.201024577 -0.87500006" rot="0.499990523 0 0.866031766 0 1 0 -0.866031766 0 0.499990523"/>
        <Entity template="shrub_03" id="546" pos="-12.250001 0.201024577 -0.75000006" rot="-0.422607154 0 -0.906313241 0 1 0 0.906313241 0 -0.422607154"/>
        <Entity template="shrub_03" id="547" pos="-12.250001 0.201024577 -0.25" rot="0.57356751 0 0.819158673 0 1 0 -0.819158673 0 0.57356751"/>
        <Entity template="shrub_03" id="548" pos="-12.250001 0.201024577 0" rot="0.34201023 0 0.939697087 0 1 0 -0.939697087 0 0.34201023"/>
        <Entity template="shrub_03" id="549" pos="-12.250001 0.201024577 0.37500003" rot="0.342009425 0 0.939696848 0 1 0 -0.939696848 0 0.342009425"/>
        <Entity template="shrub_03" id="550" pos="-12.250001 0.201024577 0.5" rot="0.342030048 0 -0.939689696 0 1 0 0.939689696 0 0.342030048"/>
        <Entity template="shrub_03" id="551" pos="-12.250001 0.201024577 1" rot="-0.939696312 0 0.342012107 0 1 0 -0.342012107 0 -0.939696312"/>
        <Entity template="shrub_03" id="552" pos="-12.125001 0.201024577 1.62500012" rot="-0.258828849 0 0.965923667 0 1 0 -0.965923667 0 -0.258828849"/>
        <Entity template="shrub_03" id="553" pos="-12.125001 0.201024577 2.125" rot="0.996196389 0 -0.0871457011 0 1 0 0.0871457011 0 0.996196389"/>
        <Entity template="shrub_03" id="554" pos="-12.250001 0.201024577 2.62500024" rot="-0.173657984 0 0.984806716 0 1 0 -0.984806716 0 -0.173657984"/>
        <Entity template="shrub_03" id="555" pos="-12.500001 0.201024577 3.12500024" rot="-0.707100093 0 -0.707116008 0 1 0 0.707116008 0 -0.707100093"/>
        <Entity template="shrub_03" id="556" pos="-12.500001 0.201024577 3.50000024" rot="-0.819146872 0 -0.573585153 0 1 0 0.573585153 0 -0.819146872"/>
        <Entity template="shrub_03" id="557" pos="-12.500001 0.201024577 3.75000024" rot="-0.42262736 0 0.906304777 0 1 0 -0.906304777 0 -0.42262736"/>
        <Entity template="shrub_03" id="558" pos="-12.375001 0.201024577 4.125" rot="0.766040325 0 0.642795742 0 1 0 -0.642795742 0 0.766040325"/>
        <Entity template="shrub_03" id="559" pos="-12.375001 0.201024577 4.75" rot="0.93969667 0 -0.342014879 0 1 0 0.342014879 0 0.93969667"/>
        <Entity template="shrub_03" id="560" pos="-12.375001 0.201024577 5.12500048" rot="0.819150686 0 0.573582411 0 1 0 -0.573582411 0 0.819150686"/>
        <Entity template="shrub_03" id="572" pos="-5.25000048 0.201024577 -8.625" rot="-0.57357806 0 0.819154441 0 1 0 -0.819154441 0 -0.57357806"/>
        <Entity template="shrub_03" id="573" pos="-4.25 0.201024577 -8.5" rot="0.342022061 0 0.939695358 0 1 0 -0.939695358 0 0.342022061"/>
        <Entity template="shrub_03" id="576" pos="-3.25000024 0.201024577 -8.625" rot="0.500003219 0 -0.866027534 0 1 0 0.866027534 0 0.500003219"/>
        <Entity template="shrub_03" id="577" pos="-3.00000024 0.201024577 -8.625" rot="-0.819155693 0 0.573577702 0 1 0 -0.573577702 0 -0.819155693"/>
        <Entity template="shrub_03" id="578" pos="-3.00000024 0.201024577 -8.625" rot="-0.258818269 0 -0.965929449 0 1 0 0.965929449 0 -0.258818269"/>
        <Entity template="shrub_03" id="579" pos="-2.375 0.201024577 -8.5" rot="0.866027355 0 0.500003397 0 1 0 -0.500003397 0 0.866027355"/>
        <Entity template="shrub_03" id="580" pos="-2.375 0.201024577 -8.5" rot="0.984810412 0 0.173649967 0 1 0 -0.173649967 0 0.984810412"/>
        <Entity template="shrub_03" id="581" pos="-1.25 0.201024577 -8.5" rot="0.342026174 0 -0.939694524 0 1 0 0.939694524 0 0.342026174"/>
        <Entity template="shrub_03" id="582" pos="-1.25 0.201024577 -8.5" rot="0.819158852 0 -0.573573947 0 1 0 0.573573947 0 0.819158852"/>
        <Entity template="shrub_03" id="583" pos="-0.37500003 0.201024577 -8.625" rot="0.766051888 0 -0.642785847 0 1 0 0.642785847 0 0.766051888"/>
        <Entity template="shrub_03" id="584" pos="0.125 0.201024577 -8.625" rot="-0.173655629 0 0.984810472 0 1 0 -0.984810472 0 -0.173655629"/>
        <Entity template="shrub_03" id="586" pos="0.625 0.201024577 -8.625" rot="-0.500009894 0 0.866024435 0 1 0 -0.866024435 0 -0.500009894"/>
        <Entity template="shrub_03" id="588" pos="1.37500012 0.201024577 -8.625" rot="-0.996197462 0 -0.0871656165 0 1 0 0.0871656165 0 -0.996197462"/>
        <Entity template="shrub_03" id="589" pos="1.50000012 0.201024577 -8.625" rot="-0.766040683 0 -0.642796934 0 1 0 0.642796934 0 -0.766040683"/>
        <Entity template="shrub_03" id="590" pos="1.87500012 0.201024577 -8.625" rot="-1.10715628e-05 0 1.00000381 0 1 0 -1.00000381 0 -1.10715628e-05"/>
        <Entity template="shrub_03" id="591" pos="2.25 0.201024577 -8.625" rot="0.422609389 0 0.906316578 0 1 0 -0.906316578 0 0.422609389"/>
        <Entity template="shrub_03" id="592" pos="3.00000024 0.201024577 -8.625" rot="-0.422630548 0 0.906308353 0 1 0 -0.906308353 0 -0.422630548"/>
        <Entity template="shrub_03" id="593" pos="2.75000024 0.201024577 -8.625" rot="-0.087145865 0 -0.996201098 0 1 0 0.996201098 0 -0.087145865"/>
        <Entity template="shrub_03" id="615" pos="3.12755489 0.201024577 0.483476043" rot="1 0 1.96173769e-05 0 1 0 -1.96173769e-05 0 1"/>
        <Entity template="shrub_03" id="616" pos="3.10716152 0.201024577 -0.141191363" rot="0.819164336 0 -0.573559046 0 1 0 0.573559046 0 0.819164336"/>
        <Entity template="shrub_03" id="617" pos="3.07646489 0.201024577 -0.315282345" rot="0.766030908 0 0.642803788 0 1 0 -0.642803788 0 0.766030908"/>
        <Entity template="shrub_03" id="618" pos="3.0867672 0.201024577 -0.765858531" rot="-0.342042118 0 0.939684689 0 1 0 -0.939684689 0 -0.342042118"/>
        <Entity template="shrub_03" id="619" pos="3.2340064 0.201024577 -1.16585648" rot="0.766059816 0 -0.642769396 0 1 0 0.642769396 0 0.766059816"/>
        <Entity template="shrub_03" id="620" pos="3.05723 0.201024577 -1.51941061" rot="-0.996196926 0 0.0871311054 0 1 0 -0.0871311054 0 -0.996196926"/>
        <Entity template="shrub_03" id="621" pos="3.00545311 0.201024577 -2.04974031" rot="-0.984803438 0 -0.173672542 0 1 0 0.173672542 0 -0.984803438"/>
        <Entity template="shrub_03" id="622" pos="0.5 0.201024577 -5" rot="-1.00001287 0 -2.43782997e-05 0 1 0 2.43782997e-05 0 -1.00001287"/>
        <Entity template="shrub_03" id="623" pos="0.125 0.201024577 -5" rot="0.906309605 0 0.422645271 0 1 0 -0.422645271 0 0.906309605"/>
        <Entity template="shrub_03" id="624" pos="-0.25 0.201024577 -5.12500048" rot="0.906330049 0 -0.422602415 0 1 0 0.422602415 0 0.906330049"/>
        <Entity template="shrub_03" id="625" pos="-1 0.201024577 -5.12500048" rot="0.707133412 0 -0.707098842 0 1 0 0.707098842 0 0.707133412"/>
        <Entity template="shrub_03" id="626" pos="-1.62500012 0.201024577 -5.12500048" rot="0.573604345 0 -0.819149256 0 1 0 0.819149256 0 0.573604345"/>
        <Entity template="shrub_03" id="627" pos="-1.87500012 0.201024577 -5.12500048" rot="0.642777681 0 0.766071141 0 1 0 -0.766071141 0 0.642777681"/>
        <Entity template="shrub_03" id="628" pos="-1.87500012 0.201024577 -5.12500048" rot="0.819148779 0 0.573605835 0 1 0 -0.573605835 0 0.819148779"/>
        <Entity template="shrub_03" id="629" pos="-2.25 0.201024577 -5" rot="0.499985635 0 0.866050363 0 1 0 -0.866050363 0 0.499985635"/>
        <Entity template="shrub_03" id="630" pos="-2.87500024 0.201024577 -5.12500048" rot="-0.500029624 0 0.866025627 0 1 0 -0.866025627 0 -0.500029624"/>
        <Entity template="shrub_03" id="631" pos="-3.50000024 0.201024577 -5" rot="0.0871801376 0 -0.996192575 0 1 0 0.996192575 0 0.0871801376"/>
        <Entity template="fence_stone__pole_01" id="742" pos="-10.750001 0 6.87500048" rot="1 0 0 0 1 0 0 0 1"/>
        <Entity template="bench_01" id="746" pos="-7.82226706 0.503461659 7.56575632" rot="0 0 -1.00000012 0 1 0 1.00000012 0 0"/>
        <Entity template="bench_01" id="747" pos="-0.822266638 0.503461659 7.56575632" rot="0 0 -1.00000012 0 1 0 1.00000012 0 0"/>
        <Entity template="far_rural_ambience_mn" id="759" pos="-19.875 1.60000002 -18.25" rot="1 0 0 0 1 0 0 0 1">
            <SoundEmitter minAttenuationDistance="20.700001" maxAttenuationDistance="27.200001"/>
        </Entity>
        <Entity template="wind_desert_02_mn" id="763" pos="1.125 1.60000002 -28.7500019" rot="1 0 0 0 1 0 0 0 1">
            <SoundEmitter minAttenuationDistance="19.299999" maxAttenuationDistance="29.9"/>
        </Entity>
        <Entity template="wind_desert_02_mn" id="764" pos="31.875 1.60000002 -2.25" rot="1 0 0 0 1 0 0 0 1">
            <SoundEmitter minAttenuationDistance="21.4" maxAttenuationDistance="29.9"/>
        </Entity>
        <Entity template="Deploy Slot" id="766" pos="3.75 0.100000001 7.75000048" rot="-0.342020273 0 0.939693034 0 1 0 -0.939693034 0 -0.342020273"/>
        <Entity template="Deploy Slot" id="767" pos="2.75000048 0.100000001 7.75000048" rot="0 0 1.00000024 0 1 0 -1.00000024 0 0"/>
        <Entity template="Deploy Slot" id="768" pos="1.75 0.100000001 7.75000048" rot="0 0 1.00000024 0 1 0 -1.00000024 0 0"/>
        <Entity template="Deploy Slot" id="769" pos="6.75000048 0.100000001 7.75000048" rot="-0.500000238 0 -0.866025865 0 1 0 0.866025865 0 -0.500000238"/>
        <Entity template="Deploy Slot" id="770" pos="7.87500048 0.100000001 7.75000048" rot="0 0 -1.00000048 0 1 0 1.00000048 0 0"/>
        <Entity template="Deploy Slot" id="771" pos="8.875 0.100000001 7.75000048" rot="-2.60770321e-07 0 1.00000072 0 1 0 -1.00000072 0 -2.60770321e-07"/>
        <Entity template="Deploy Slot" id="773" pos="-13.250001 0.100000001 7.75000048" rot="-0.42261827 0 0.906307995 0 1 0 -0.906307995 0 -0.42261827"/>
        <Entity template="Deploy Slot" id="774" pos="-14.250001 0.100000001 7.75000048" rot="0 0 1.00000012 0 1 0 -1.00000012 0 0"/>
        <Entity template="Deploy Slot" id="776" pos="-9.5 0.100000001 7.75000048" rot="0 0 -1.00000036 0 1 0 1.00000036 0 0"/>
        <Entity template="Ranger Assaulter" id="778" pos="2.75000024 0 7.62500048" rot="0 0 1.00000012 0 1 0 -1.00000012 0 0">
            <Human needsRescue="false">
                <Traits/>
            </Human>
        </Entity>
        <Entity template="Ranger Assaulter" id="779" pos="7.75000048 0 7.75000048" rot="0 0 -1.00000036 0 1 0 1.00000036 0 0">
            <Human needsRescue="false">
                <Traits/>
            </Human>
        </Entity>
        <Entity template="Ranger Support" id="782" pos="3.75000024 0 7.75000048" rot="0 0 1.00000048 0 1 0 -1.00000048 0 0">
            <Human needsRescue="false">
                <Traits/>
            </Human>
        </Entity>
        <Entity template="Veteran Insurgent" id="785" pos="11.125001 0 1.75000012" rot="-0.500005066 0 -0.866022468 0 1 0 0.866022468 0 -0.500005066">
            <Targets num="1" id0="806"/>
            <Human needsRescue="false">
                <Traits/>
            </Human>
        </Entity>
        <Entity template="Veteran Insurgent" id="786" pos="-11.500001 0 5.87500048" rot="-0.573577285 0 0.819152296 0 1 0 -0.819152296 0 -0.573577285">
            <Targets num="1" id0="805"/>
            <Human needsRescue="false">
                <Traits/>
            </Human>
        </Entity>
        <Entity template="Machinegunner" id="799" pos="-11.000001 0 -6.87500048" rot="0.42261675 0 0.906309187 0 1 0 -0.906309187 0 0.42261675">
            <Human needsRescue="false">
                <Traits/>
            </Human>
        </Entity>
        <Entity template="Waypoints" id="805" pos="-11.125001 0.100000001 5.37500048" rot="1 0 0 0 1 0 0 0 1">
            <Waypoints relative="true" num="5">
                <Point p="0 -0.100000001 0"/>
                <Point p="0 -0.100000001 -8.62500095"/>
                <Point p="0.125 -0.100000001 -12.2500019"/>
                <Point p="2.87500095 -0.100000001 -13"/>
                <Point p="14.000001 -0.100000001 -12.625001"/>
            </Waypoints>
        </Entity>
        <Entity template="Waypoints" id="806" pos="-6.25000048 0.100000001 -7" rot="1 0 0 0 1 0 0 0 1">
            <Waypoints relative="true" num="6">
                <Point p="0 -0.100000001 1.25"/>
                <Point p="7.25000048 -0.100000001 0.625"/>
                <Point p="9.62500095 -0.100000001 1.49999952"/>
                <Point p="10.250001 -0.100000001 7"/>
                <Point p="15 -0.100000001 7"/>
                <Point p="17.3750019 -0.100000001 8.75"/>
            </Waypoints>
        </Entity>
        <Entity template="grass_01_02" id="242" pos="6.87499952 0 5.25000048" scale="0.829999983" rot="-0.9063043 -7.9231647e-08 -0.422625512 -5.0475677e-08 0.999999881 -7.9231647e-08 0.422625452 -5.0475677e-08 -0.9063043"/>
        <Entity template="Machinegunner" id="801" pos="-6.50000048 0 -7.62500048" rot="0.996193111 0 0.0871617496 0 1 0 -0.0871617496 0 0.996193111">
            <Human needsRescue="false">
                <Traits/>
            </Human>
        </Entity>
        <Entity template="water_tank_plastic_01" id="999" pos="8.125 1.35055351 4" rot="-0.000487955345 -4.2658415e-11 -0.999999881 -7.10542736e-15 0.999999881 -4.2658415e-11 0.999999762 -7.10542736e-15 -0.000487955345" group="90"/>
        <Entity template="Deploy Slot" id="775" pos="-10.500001 0.100000001 7.75000048" rot="-0.573576689 0 -0.819152474 0 1 0 0.819152474 0 -0.573576689"/>
        <Entity template="RescueZone" id="922" pos="-4.5 0.129999995 8.5" rot="1 0 0 -0 1 0 0 -0 1" group="82"/>
        <Entity template="water_tank_plastic_02" id="1020" pos="11.000001 0.619084895 3.62500024" rot="0.819152176 0 -0.57357645 0 1 0 0.57357645 0 0.819152176" group="100"/>
        <Entity template="Type 56 pickup" id="1030" pos="5.37500048 0.349999845 -0.555000007" rot="0.17473194 -0.982961893 -0.0570485443 0.949876249 0.153028935 0.272611797 -0.259236962 -0.101823047 0.960431218" group="109" editorAutoHeight="false"/>
        <Entity template="Type 56 pickup" id="1031" pos="5.75000048 0.349999994 -0.545000017" rot="0.258442581 -0.935729742 0.240035966 0.905103624 0.321393758 0.27837652 -0.337631285 0.145313054 0.929994106" group="110"/>
        <Entity template="grass_01_02" id="1072" pos="6.75000048 0 6.12500048" scale="0.829999983" rot="0.173655897 -6.9262434e-08 -0.984806538 -5.0475677e-08 0.999999881 -7.9231647e-08 0.984806597 6.34678372e-08 0.173656046"/>
        <Entity template="grass_01_02" id="1073" pos="6.75000048 0 1.5" scale="0.670000017" rot="-0.9063043 -7.9231647e-08 -0.422625512 -5.0475677e-08 0.999999881 -7.9231647e-08 0.422625452 -5.0475677e-08 -0.9063043"/>
        <Entity template="pickup_01_white" id="978" pos="8.125 -2.01225703e-11 3.2750001" rot="1 0 0 0 1 0 0 0 1" group="86"/>
        <Entity template="pickup_01_white_door_right" id="979" pos="8.91999817 3.67631472e-08 1.56499946" rot="1 0 0 -0 1 0 0 -0 1" group="86"/>
        <Entity template="pickup_01_white_door_left" id="980" pos="7.33000231 3.67631472e-08 1.56499946" rot="1 0 0 -0 1 0 0 -0 1" group="86"/>
        <Entity template="pickup_01_glass_front" id="981" pos="8.125 -1.34067148e-08 1.12499988" rot="1 0 0 -0 1 0 0 -0 1" group="86"/>
        <Entity template="pickup_01_glass_door_right" id="982" pos="8.90000153 -5.76748675e-08 1.62499988" rot="1 0 0 -0 1 0 0 -0 1" group="86"/>
        <Entity template="pickup_01_glass_door_left" id="983" pos="7.34999895 -5.76748675e-08 1.62499988" rot="1 0 0 -0 1 0 0 -0 1" group="86"/>
        <Entity template="pickup_01_glass_right" id="985" pos="8.88999939 3.60273837e-08 2.33500004" rot="1 0 0 -0 1 0 0 -0 1" group="86"/>
        <Entity template="pickup_01_glass_left" id="984" pos="7.34999895 3.60273837e-08 2.32499981" rot="1 0 0 -0 1 0 0 -0 1" group="86"/>
        <Entity template="pickup_01_glass_back" id="977" pos="8.125 -1.3987156e-07 2.625" rot="1 0 0 -0 1 0 0 -0 1" group="86"/>
        <Entity template="shrub_02_02" id="1075" pos="4.37500048 0.177140579 6.25000048" rot="0.766044557 0 0.642787635 0 1 0 -0.642787635 0 0.766044557" group="136"/>
        <Entity template="shrub_02_02" id="1076" pos="3.75 0.177140579 6.50000048" rot="-4.47034836e-08 0 1 0 1 0 -1 0 -4.47034836e-08" group="137"/>
        <Entity template="shrub_02_02" id="1077" pos="3.25 0.177140579 6.50000048" rot="0.766044497 0 0.642787814 0 1 0 -0.642787814 0 0.766044497" group="138"/>
        <Entity template="shrub_02_02" id="1078" pos="4.125 0.177140579 2.87500024" rot="0.984808326 0 0.173648566 0 1 0 -0.173648566 0 0.984808326" group="139"/>
        <Entity template="shrub_02_02" id="1079" pos="3.50000024 0.177140579 2.87500024" rot="-0.965926468 0 -0.258819699 0 1 0 0.258819699 0 -0.965926468" group="140"/>
        <Entity template="shrub_02_02" id="1080" pos="4.62500048 0.177140579 3.00000024" rot="0.25881955 0 -0.965926349 0 1 0 0.965926349 0 0.25881955" group="141"/>
        <Entity template="shrub_02_02" id="1081" pos="4.62500048 0.177140579 3.50000024" rot="0.422618628 0 0.906309009 0 1 0 -0.906309009 0 0.422618628" group="142"/>
        <Entity template="shrub_02_02" id="1082" pos="4.62500048 0.177140579 4" rot="-0.25881952 0 0.965927303 0 1 0 -0.965927303 0 -0.25881952" group="143"/>
        <Entity template="shrub_02_02" id="1083" pos="4.50000048 0.177140579 4.5" rot="0.173648357 0 0.984809458 0 1 0 -0.984809458 0 0.173648357" group="144"/>
        <Entity template="shrub_02_02" id="1084" pos="4.50000048 0.177140579 4.875" rot="-0.173648804 0 0.984810054 0 1 0 -0.984810054 0 -0.173648804" group="145"/>
        <Entity template="shrub_02_02" id="1085" pos="4.50000048 0.177140579 5.62500048" rot="0.939695656 0 -0.342020869 0 1 0 0.342020869 0 0.939695656" group="146"/>
        <Entity template="shrub_02_02" id="1086" pos="2.87500024 0.177140579 3.00000024" rot="0.57357645 0 0.819152176 0 1 0 -0.819152176 0 0.57357645"/>
        <Entity template="shrub_01" id="1088" pos="3.37500048 0.208348572 3.625" rot="-0.642787814 0 0.766044974 0 1 0 -0.766044974 0 -0.642787814" group="148"/>
        <Entity template="shrub_01" id="1089" pos="3.50000048 0.208348572 5.18000031" rot="0.766044438 0 -0.642787635 0 1 0 0.642787635 0 0.766044438" group="149"/>
        <Entity template="shrub_02" id="1092" pos="12.875001 0.177140579 6.37499952" rot="1 0 0 0 1 0 0 0 1" group="152"/>
        <Entity template="shrub_02" id="1093" pos="12.375001 0.177140579 6.5" rot="0.573576629 0 -0.819152117 0 1 0 0.819152117 0 0.573576629" group="153"/>
        <Entity template="shrub_02" id="1094" pos="12.875001 0.177140579 5.74999952" rot="0.996194959 0 0.0871557519 0 1 0 -0.0871557519 0 0.996194959" group="154"/>
        <Entity template="shrub_02" id="1095" pos="13.125001 0.177140579 5.87499952" rot="0.996194959 0 0.0871557519 0 1 0 -0.0871557519 0 0.996194959" group="155"/>
        <Entity template="shrub_02" id="1096" pos="13.250001 0.177140579 5.25" rot="0.996194959 0 0.0871557519 0 1 0 -0.0871557519 0 0.996194959" group="156"/>
        <Entity template="shrub_02" id="1097" pos="11.875001 0.177140579 6.50000048" rot="-0.500000238 0 -0.866025984 0 1 0 0.866025984 0 -0.500000238" group="157"/>
        <Entity template="shrub_04_02" id="1099" pos="2.87500024 0.133366063 6.25000048" rot="1 0 0 0 1 0 0 0 1" group="159"/>
        <Entity template="bush_03" id="1101" pos="12.897006 8.74227695e-08 1.75000012" rot="1 0 0 0 1 0 0 0 1" group="161"/>
        <Entity template="bush_03" id="1102" pos="12.8016539 8.74227695e-08 2.38233471" rot="0.422618449 0 0.906307936 0 1 0 -0.906307936 0 0.422618449" group="162"/>
        <Entity template="bush_03" id="1103" pos="12.875001 8.74227695e-08 3.25000024" rot="0.422618449 0 0.906307936 0 1 0 -0.906307936 0 0.422618449" group="163"/>
        <Entity template="bush_03" id="1104" pos="12.500001 8.74227695e-08 5.75000048" rot="0.422618449 0 0.906307936 0 1 0 -0.906307936 0 0.422618449" group="164"/>
        <Entity template="bush_03" id="1105" pos="11.375001 8.74227695e-08 6.25000048" scale="0.800000012" rot="-0.000487955345 -4.2658415e-11 0.999999881 -1.74845525e-07 0.999999881 -4.2658415e-11 -0.999999762 -1.74845525e-07 -0.000487955345" group="165"/>
        <Entity template="bush_02" id="1107" pos="12.875001 8.74227695e-08 4.375" scale="0.860000014" rot="0.258819103 0 0.965925872 0 1 0 -0.965925872 0 0.258819103" group="167"/>
        <Entity template="bush_03" id="1173" pos="6.62500048 8.74227695e-08 6.50000048" scale="0.800000012" rot="-0.984892547 -1.72196664e-07 0.173167884 -1.74845525e-07 0.999999881 -4.2658415e-11 -0.173167765 -3.03196224e-08 -0.984892607"/>
        <Entity template="trashbox_01" id="1211" pos="-15.625001 0.871734977 9" rot="-0.261209935 -0.0301536918 -0.964811444 0.0737756863 0.995964885 -0.0511011705 0.962459087 -0.0845276713 -0.257931322" group="246"/>
        <Entity template="chair_plastic_01" id="1213" pos="-9.375 0.598327935 -6.12500048" rot="0.707107544 0 0.707107306 0 1 0 -0.707107306 0 0.707107544" group="248"/>
        <Entity template="chair_plastic_01" id="1214" pos="-8.125 0.598327935 -5.50000048" rot="1.71363354e-07 0 1.00000119 0 1 0 -1.00000119 0 1.71363354e-07" group="249"/>
        <Entity template="table_wood_small_02" id="1254" pos="-8.25 0.372283846 -6.62500048" rot="0.707106948 0 0.707106829 0 1 0 -0.707106829 0 0.707106948" group="273"/>
        <Entity template="clothes_drying_01" id="1280" pos="-8.875 0.134643629 -4.625" rot="-1 0 -1.56462178e-07 0 1 0 1.56462178e-07 0 -1" group="291"/>
        <Entity template="plant_01" id="1295" pos="-12.375001 0.325113624 -5.62500048" rot="0.766044617 0 0.642787635 0 1 0 -0.642787635 0 0.766044617" group="301"/>
        <Entity template="plant_01" id="1296" pos="-12.375001 0.325113624 -4.75" rot="0.573576689 0 -0.819152236 0 1 0 0.819152236 0 0.573576689" group="302"/>
        <Entity template="shrub_04_02" id="1298" pos="-12.625001 0.133366063 -7.25000048" rot="1 0 0 0 1 0 0 0 1" group="304"/>
        <Entity template="grass_tall_01" id="1301" pos="-11.625 0.0279839486 -7.25000048" rot="0.939692676 0 -0.342020154 0 1 0 0.342020154 0 0.939692676" group="306"/>
        <Entity template="grass_tall_01" id="1302" pos="-11.625001 0.0279839486 -8.125" rot="0.342020392 0 -0.939692795 0 1 0 0.939692795 0 0.342020392" group="307"/>
        <Entity template="grass_tall_01" id="1303" pos="-12.250001 0.0279839486 -6.12500095" rot="-0.0871555507 0 -0.996195078 0 1 0 0.996195078 0 -0.0871555507" group="308"/>
        <Entity template="bench_01" id="1320" pos="-8.25 0.503461659 -8.5" rot="1.86264515e-07 0 -1.00000048 0 1 0 1.00000048 0 1.86264515e-07" group="321"/>
        <Entity template="flower_02" id="1369" pos="-12.5613613 0.286147088 -1.74609375" rot="2.08616257e-07 0 1.00000048 0 1 0 -1.00000048 0 2.08616257e-07" group="362"/>
        <Entity template="flower_02" id="1370" pos="-12.5613613 0.286147088 -2.3710947" rot="-0.707106948 0 0.707107365 0 1 0 -0.707107365 0 -0.707106948" group="362"/>
        <Entity template="flower_02" id="1371" pos="-12.5613623 0.286147088 -3.12109447" rot="-0.258819103 0 0.965926468 0 1 0 -0.965926468 0 -0.258819103" group="362"/>
        <Entity template="flower_02" id="1372" pos="-12.5613613 0.286147088 -3.74609685" rot="-0.500000238 0 0.866025984 0 1 0 -0.866025984 0 -0.500000238" group="362"/>
        <Entity template="flower_01" id="1374" pos="-12.4363623 0.286147058 -1.99609339" rot="0.342020482 0 0.939692974 0 1 0 -0.939692974 0 0.342020482" group="362"/>
        <Entity template="flower_01" id="1375" pos="-12.5613613 0.286147058 -2.74609518" rot="0.342020482 0 0.939692974 0 1 0 -0.939692974 0 0.342020482" group="362"/>
        <Entity template="flower_01" id="1376" pos="-12.4363613 0.286147058 -3.37109685" rot="0.996195436 0 0.0871558115 0 1 0 -0.0871558115 0 0.996195436" group="362"/>
        <Entity template="flower_01" id="1377" pos="-12.4363613 0.286147058 -4.12109709" rot="0.996195436 0 0.0871558115 0 1 0 -0.0871558115 0 0.996195436" group="362"/>
