<Map name="@map_vipersnest">
    <Scenario type="None" numDeployableTroops="4" referenceWinTimeSeconds="80.999001" challenges="0" nightMission="false"/>
    <Graphics fogColor="E8C47C" fogDensity="0.15099999" windSpeed="0.079000004" windDirection="45" cloudDensity="1" waterClarity="0.94999999" rainAmount="0" terrainNormalsStrength="1.087" terrainSharpness="0.5" gossaoStrength="3" gossaoStrengthTerrain="5" gossaoDirectionalOcclusion="0" gossaoLevelsMin="0.050000001"/>
    <Terrain widthMeters="32" heightMeters="18">
        <Materials num="3" mat0="dirt_to_grass" mat1="asphalt" mat2="floor_wood"/>
    </Terrain>
    <MusicTracks/>
    <Layers used="536870915" l29="15"/>
    <Entities>
        <Entity template="Floor" id="3" pos="0 0 -0.25" rot="1 0 0 0 1 0 0 0 1"/>
        <Entity template="Default Effect (Indoors)" id="99" pos="-12.125001 0.0500000007 -9.75" rot="1 0 0 0 1 0 0 0 1">
            <SoundShader effectID="EFX_REVERB_HALLWAY_LARGE" defaultIndoors="true" defaultOutdoors="false"/>
        </Entity>
        <Entity template="Default Effect (Outdoors)" id="103" pos="-10.875001 0.0500000007 -9.75" rot="1 0 0 0 1 0 0 0 1">
            <SoundShader effectID="EFX_REVERB_OUTDOORS_VALLEY" defaultIndoors="false" defaultOutdoors="true"/>
        </Entity>
        <Entity template="Light Ambiental" id="2" pos="-15.625001 2.0999999 -9.75" rot="1 0 0 0 1 0 0 0 1">
            <Light color0="FFFFFF" color1="818181" colorMultiplier="0.34999999" isIndoorLight="false" startDisabled="false"/>
        </Entity>
        <Entity template="Light Ambiental" id="5" pos="-14.875001 2.0999999 -9.75" rot="1 0 0 0 1 0 0 0 1">
            <Light color0="FFFFFF" color1="818181" colorMultiplier="0.22" isIndoorLight="true" startDisabled="false"/>
        </Entity>
        <Entity template="Light Directional" id="9" pos="-14.000001 0 -9.75" rot="-0.144363403 -0.926877916 -0.34649387 0.409232885 0.262889236 -0.873737633 0.900938094 -0.267932057 0.341357529">
            <Light color="DBC2B5" colorMultiplier="2.29" isIndoorLight="false" startDisabled="false"/>
        </Entity>
        <Entity template="fence_stone__pole_02" id="10" pos="1.87500012 0 8.125" rot="1 0 0 0 1 0 0 0 1"/>
        <Entity template="fence_metal_01" id="25" pos="-5.75000048 1.5866398e-08 -3.875" rot="0 0 -1.00000012 0 1 0 1.00000012 0 0"/>
        <Entity template="fence_metal_01" id="28" pos="-5.87500048 1.5866398e-08 -7.75" rot="0 0 -1.00000012 0 1 0 1.00000012 0 0"/>
        <Entity template="fence_metal_01" id="30" pos="-6.50000048 1.5866398e-08 -8.375" rot="1 0 0 0 1 0 0 0 1"/>
        <Entity template="fence_metal_corner_01" id="32" pos="-14.500001 1.5866398e-08 -3.875" rot="-0.707106888 0 0.707106888 0 1 0 -0.707106888 0 -0.707106888"/>
        <Entity template="fence_metal_01" id="34" pos="-15.000001 1.5866398e-08 -4.87500048" rot="0 0 1.00000036 0 1 0 -1.00000036 0 0"/>
        <Entity template="fence_metal_01" id="35" pos="-15.000001 1.5866398e-08 -5.87500048" rot="0 0 1.00000036 0 1 0 -1.00000036 0 0"/>
        <Entity template="fence_metal_01" id="36" pos="-15.000001 1.5866398e-08 -6.87500048" rot="0 0 1.00000036 0 1 0 -1.00000036 0 0"/>
        <Entity template="fence_metal_corner_01" id="38" pos="-14.500001 1.5866398e-08 -7.875" rot="0.707106829 0 0.707106829 0 1 0 -0.707106829 0 0.707106829"/>
        <Entity template="fence_metal_01" id="40" pos="-7.50000048 1.5866398e-08 -8.375" rot="1 0 0 0 1 0 0 0 1"/>
        <Entity template="fence_metal_01" id="41" pos="-8.5 1.5866398e-08 -8.375" rot="1 0 0 0 1 0 0 0 1"/>
        <Entity template="fence_metal_01" id="42" pos="-9.5 1.5866398e-08 -8.375" rot="1 0 0 0 1 0 0 0 1"/>
        <Entity template="fence_metal_01" id="43" pos="-10.500001 1.5866398e-08 -8.375" rot="1 0 0 0 1 0 0 0 1"/>
        <Entity template="fence_metal_01" id="44" pos="-11.500001 1.5866398e-08 -8.375" rot="1 0 0 0 1 0 0 0 1"/>
        <Entity template="fence_metal_01" id="45" pos="-12.500001 1.5866398e-08 -8.375" rot="1 0 0 0 1 0 0 0 1"/>
        <Entity template="fence_metal_01" id="46" pos="-13.500001 1.5866398e-08 -8.375" rot="1 0 0 0 1 0 0 0 1"/>
        <Entity template="fence_metal_01" id="47" pos="-5.5 1.5866398e-08 -8.375" rot="1 0 0 0 1 0 0 0 1" group="1"/>
        <Entity template="fence_metal_01" id="48" pos="-4.5 1.5866398e-08 -8.375" rot="1 0 0 0 1 0 0 0 1" group="1"/>
        <Entity template="fence_metal_01" id="49" pos="-3.5 1.5866398e-08 -8.375" rot="1 0 0 0 1 0 0 0 1" group="1"/>
        <Entity template="fence_metal_01" id="50" pos="-2.5 1.5866398e-08 -8.375" rot="1 0 0 0 1 0 0 0 1" group="1"/>
        <Entity template="fence_metal_01" id="51" pos="-1.49999905 1.5866398e-08 -8.375" rot="1 0 0 0 1 0 0 0 1" group="1"/>
        <Entity template="fence_metal_01" id="52" pos="-0.499999046 1.5866398e-08 -8.375" rot="1 0 0 0 1 0 0 0 1" group="1"/>
        <Entity template="fence_metal_01" id="53" pos="0.500000477 1.5866398e-08 -8.375" rot="1 0 0 0 1 0 0 0 1" group="1"/>
        <Entity template="fence_metal_01" id="54" pos="1.50000048 1.5866398e-08 -8.375" rot="1 0 0 0 1 0 0 0 1" group="1"/>
        <Entity template="fence_metal_01" id="55" pos="2.50000072 1.5866398e-08 -8.375" rot="1 0 0 0 1 0 0 0 1"/>
        <Entity template="fence_metal_01" id="56" pos="3.50000072 1.5866398e-08 -8.375" rot="1 0 0 0 1 0 0 0 1"/>
        <Entity template="fence_metal_01" id="57" pos="4.50000095 1.5866398e-08 -8.375" rot="1 0 0 0 1 0 0 0 1"/>
        <Entity template="fence_metal_01" id="58" pos="5.50000095 1.5866398e-08 -8.375" rot="1 0 0 0 1 0 0 0 1"/>
        <Entity template="fence_metal_01" id="59" pos="6.50000191 1.5866398e-08 -8.375" rot="1 0 0 0 1 0 0 0 1"/>
        <Entity template="fence_metal_01" id="60" pos="7.50000191 1.5866398e-08 -8.375" rot="1 0 0 0 1 0 0 0 1"/>
        <Entity template="fence_metal_01" id="72" pos="8 1.5866398e-08 -7.87500048" rot="0 0 -1.00000012 0 1 0 1.00000012 0 0"/>
        <Entity template="fence_metal_01" id="73" pos="8 1.5866398e-08 -6.87500048" rot="0 0 -1.00000012 0 1 0 1.00000012 0 0"/>
        <Entity template="fence_metal_01" id="74" pos="8 1.5866398e-08 -5.87500048" rot="0 0 -1.00000012 0 1 0 1.00000012 0 0"/>
        <Entity template="fence_metal_01" id="75" pos="8 1.5866398e-08 -4.87500048" rot="0 0 -1.00000012 0 1 0 1.00000012 0 0"/>
        <Entity template="fence_metal_01" id="76" pos="8 1.5866398e-08 -3.875" rot="0 0 -1.00000012 0 1 0 1.00000012 0 0"/>
        <Entity template="fence_metal_01" id="77" pos="8 1.5866398e-08 -2.87500024" rot="0 0 -1.00000012 0 1 0 1.00000012 0 0"/>
        <Entity template="fence_metal_01" id="79" pos="8 1.5866398e-08 -1.87500012" rot="0 0 -1.00000012 0 1 0 1.00000012 0 0"/>
        <Entity template="fence_metal_01" id="80" pos="8 1.5866398e-08 -0.87500006" rot="0 0 -1.00000012 0 1 0 1.00000012 0 0"/>
        <Entity template="fence_metal_01" id="85" pos="8 1.5866398e-08 5.375" rot="0 0 -1.00000012 0 1 0 1.00000012 0 0"/>
        <Entity template="fence_metal_01" id="86" pos="8 1.5866398e-08 6.37500048" rot="0 0 -1.00000012 0 1 0 1.00000012 0 0"/>
        <Entity template="fence_metal_01" id="87" pos="8 1.5866398e-08 7.37500048" rot="0 0 -1.00000012 0 1 0 1.00000012 0 0"/>
        <Entity template="wooden_fence_04" id="89" pos="9.5 0.51609081 -8.25" rot="0 0 -1.00000012 0 1 0 1.00000012 0 0"/>
        <Entity template="wooden_fence_04" id="90" pos="12.250001 0.51609081 -8.25" rot="0 0 -1.00000012 0 1 0 1.00000012 0 0"/>
        <Entity template="wooden_fence_04" id="91" pos="13.500001 0.51609081 -2.62500024" rot="-1.00000024 0 0 0 1 0 0 0 -1.00000024"/>
        <Entity template="wooden_fence_04" id="94" pos="13.500001 0.51609081 -5.50000048" rot="-1.00000024 0 0 0 1 0 0 0 -1.00000024"/>
        <Entity template="wooden_fence_02" id="96" pos="13.500001 0.497400939 -7.62500048" rot="-1.00000024 0 0 0 1 0 0 0 -1.00000024"/>
        <Entity template="fence_metal_01" id="98" pos="8 1.5866398e-08 -8.875" rot="0 0 -1.00000024 0 1 0 1.00000024 0 0"/>
        <Entity template="Terrain" id="101" pos="8 0 8.75" rot="1 0 0 0 1 0 0 0 1">
            <PolyShape num="16" p0="0 0 0" p1="0 0 -0.250000477" p2="-6.875 0 -0.375000477" p3="-7.75 0 -1.37499952" p4="-7.75 0 -1.87499952" p5="-22.125 0 -1.87499952" p6="-22.125 0 -12.375" p7="-23 0 -13.25" p8="-23 0 -16" p9="-21.875 0 -17.125" p10="-0.124999523 0 -17.125" p11="-0.124999523 0 -17.75" p12="8 0 -17.75" p13="8.00000095 0 0.25" p14="0 0 0.25" p15="0 0 0"/>
        </Entity>
        <Entity template="grass_02" id="63" pos="-13.375001 0 -4.625" rot="-0.906308651 0 -0.422615886 0 1 0 0.422615886 0 -0.906308651"/>
        <Entity template="grass_02" id="64" pos="-11.250001 0 -4.5" rot="0.96592617 0 0.258817911 0 1 0 -0.258817911 0 0.96592617"/>
        <Entity template="grass_02" id="65" pos="-8.625 0 -4" rot="0.707107544 0 -0.707105875 0 1 0 0.707105875 0 0.707107544"/>
        <Entity template="grass_02" id="78" pos="-6.87500048 0 -4" rot="0.819151282 0 -0.573576391 0 1 0 0.573576391 0 0.819151282"/>
        <Entity template="grass_02" id="81" pos="-11.750001 0 -7.25000048" rot="0.422616929 0 0.906308651 0 1 0 -0.906308651 0 0.422616929"/>
        <Entity template="grass_02" id="82" pos="-9.125 0 -7.50000048" rot="0.984807014 0 0.173648506 0 1 0 -0.173648506 0 0.984807014"/>
        <Entity template="grass_02" id="83" pos="-10.750001 0 -7.62500048" rot="-0.906306267 0 -0.422618568 0 1 0 0.422618568 0 -0.906306267"/>
        <Entity template="grass_02" id="95" pos="-1.37500012 0 -7.37500048" rot="0.999997377 0 -9.83476639e-07 0 1 0 9.83476639e-07 0 0.999997377"/>
        <Entity template="grass_02" id="97" pos="-0.625 0 -6.75000048" rot="-0.258817524 0 0.965923607 0 1 0 -0.965923607 0 -0.258817524"/>
        <Entity template="grass_02" id="102" pos="0.75000006 0 -5.50000048" rot="0.819150209 0 0.573573053 0 1 0 -0.573573053 0 0.819150209"/>
        <Entity template="grass_02" id="107" pos="2.87500024 0 -5" rot="-0.819151282 0 -0.573572695 0 1 0 0.573572695 0 -0.819151282"/>
        <Entity template="grass_02" id="109" pos="2.87500024 0 -3.87500024" rot="0.173643976 0 -0.984805822 0 1 0 0.984805822 0 0.173643976"/>
        <Entity template="grass_02" id="111" pos="-0.87500006 0 -2.125" rot="0.965924382 0 0.258814543 0 1 0 -0.258814543 0 0.965924382"/>
        <Entity template="grass_02" id="112" pos="-2.62500024 0 -2.25" rot="0.999997675 0 -3.60608101e-06 0 1 0 3.60608101e-06 0 0.999997675"/>
        <Entity template="grass_02" id="113" pos="-3.75000024 0 -3.62500024" rot="0.500001609 0 0.866021276 0 1 0 -0.866021276 0 0.500001609"/>
        <Entity template="grass_02" id="114" pos="-4.75 0 -4.25" rot="-0.707106233 0 -0.707103789 0 1 0 0.707103789 0 -0.707106233"/>
        <Entity template="grass_02" id="115" pos="-4.75000048 0 -2.62500024" rot="0.866021395 0 -0.500001013 0 1 0 0.500001013 0 0.866021395"/>
        <Entity template="grass_02" id="116" pos="-3.50000024 0 -2.125" rot="-0.766043186 0 -0.642784834 0 1 0 0.642784834 0 -0.766043186"/>
        <Entity template="grass_02" id="117" pos="1.25 0 -7.00000048" rot="-0.984806657 0 0.173646405 0 1 0 -0.173646405 0 -0.984806657"/>
        <Entity template="grass_02" id="118" pos="2 0 -7.37500048" rot="-0.996193349 0 0.0871542096 0 1 0 -0.0871542096 0 -0.996193349"/>
        <Entity template="grass_02" id="119" pos="5.87500048 0 -7.12500095" rot="0.906308532 0 -0.422616601 0 1 0 0.422616601 0 0.906308532"/>
        <Entity template="grass_02" id="120" pos="6.75000048 0 -6.50000048" rot="-0.642789423 0 0.766043842 0 1 0 -0.766043842 0 -0.642789423"/>
        <Entity template="grass_02" id="121" pos="5.12500048 0 -7.25000048" rot="-0.766046584 0 0.642785668 0 1 0 -0.642785668 0 -0.766046584"/>
        <Entity template="grass_02" id="122" pos="4.25 0 -7.37500048" rot="-0.573579311 0 0.819150567 0 1 0 -0.819150567 0 -0.573579311"/>
        <Entity template="grass_02" id="123" pos="7.00000048 0 -7.37500095" rot="0.996195078 0 0.0871607363 0 1 0 -0.0871607363 0 0.996195078"/>
        <Entity template="grass_02" id="124" pos="7.25000048 0 -6.75000048" rot="0.499994218 0 0.866029263 0 1 0 -0.866029263 0 0.499994218"/>
        <Entity template="grass_02" id="125" pos="7.37500048 0 -3.50000024" rot="0.0871633589 0 -0.996194541 0 1 0 0.996194541 0 0.0871633589"/>
        <Entity template="grass_02" id="126" pos="7.37500048 0 -1.37500012" rot="-0.819146156 0 -0.573583424 0 1 0 0.573583424 0 -0.819146156"/>
        <Entity template="grass_02" id="127" pos="2.37500024 0 6.87500048" rot="0.984805226 0 0.173664257 0 1 0 -0.173664257 0 0.984805226"/>
        <Entity template="grass_02" id="128" pos="3.37500024 0 7.12500048" rot="-0.0871406496 0 -0.996195555 0 1 0 0.996195555 0 -0.0871406496"/>
        <Entity template="grass_02" id="129" pos="6.00000048 0 6.50000048" rot="-0.573591828 0 0.81914115 0 1 0 -0.81914115 0 -0.573591828"/>
        <Entity template="grass_02" id="130" pos="6.87500048 0 6.50000048" rot="-0.866035104 0 0.499982834 0 1 0 -0.499982834 0 -0.866035104"/>
        <Entity template="grass_02" id="131" pos="6.25000048 0 1.875" rot="-0.906317413 0 0.4225986 0 1 0 -0.4225986 0 -0.906317413"/>
        <Entity template="grass_02" id="132" pos="4.375 0 1.75" rot="-0.766030669 0 -0.642803788 0 1 0 0.642803788 0 -0.766030669"/>
        <Entity template="grass_02" id="133" pos="7.12500048 0 0.25" rot="0.342000127 0 0.939700842 0 1 0 -0.939700842 0 0.342000127"/>
        <Entity template="grass_02" id="134" pos="8.125 0 6.50000048" rot="0.939684927 0 0.342036396 0 1 0 -0.342036396 0 0.939684927"/>
        <Entity template="grass_02" id="135" pos="9.125 0 6.75000048" rot="0.707118988 0 -0.707091331 0 1 0 0.707091331 0 0.707118988"/>
        <Entity template="grass_02" id="140" pos="9.25 0 8.125" rot="-0.996190369 0 -0.0871721804 0 1 0 0.0871721804 0 -0.996190369"/>
        <Entity template="fence_chainlink_01" id="230" pos="-0.125 0.758906245 -2.375" rot="0 0 1.00000012 0 1 0 -1.00000012 0 0"/>
        <Entity template="fence_chainlink_01" id="231" pos="0.590803564 1.01476562 -4.04559565" rot="0.707106888 0 0.707106888 0 1 0 -0.707106888 0 0.707106888"/>
        <Entity template="fence_chainlink_01" id="232" pos="2.25 1.62921054e-08 -4.75" rot="1.00000024 0 0 0 1 0 0 0 1.00000024"/>
        <Entity template="fence_chainlink_01" id="235" pos="7.00000048 4.37114656e-09 -4.75" rot="1 0 0 0 1 0 0 0 1"/>
        <Entity template="barricade_sack_03" id="106" pos="-0.25000006 0.431265175 -4.75" rot="-1.00000024 0 0 0 1 0 0 0 -1.00000024"/>
        <Entity template="barricade_sack_04" id="170" pos="-0.37500003 0.41876924 -2.375" rot="0 0 1.0000006 0 1 0 -1.0000006 0 0"/>
        <Entity template="barricade_sack_06" id="181" pos="-0.5 0.103965171 -3.75000024" rot="-0.258819163 0 -0.96592623 0 1 0 0.96592623 0 -0.258819163"/>
        <Entity template="barricade_sack_04" id="191" pos="2.25 0.41876924 -5.12500048" rot="1.0000006 0 0 0 1 0 0 0 1.0000006"/>
        <Entity template="water_tank_plastic_02" id="14" pos="-1.37500012 0.619084895 -2" rot="1 0 0 0 1 0 0 0 1"/>
        <Entity template="water_tank_plastic_02" id="93" pos="-1.25 0.619084895 -3.25000024" rot="0.99619472 0 -0.087155737 0 1 0 0.087155737 0 0.99619472"/>
        <Entity template="water_tank_plastic_01" id="156" pos="-1.25 0.619084895 -4.625" rot="0.99619472 0 0.087155737 0 1 0 -0.087155737 0 0.99619472"/>
        <Entity template="crate_01_02" id="229" pos="-5.12500048 0.237232521 -1.75000012" rot="0.0871559605 0 0.996195078 0 1 0 -0.996195078 0 0.0871559605"/>
        <Entity template="crate_01_02" id="236" pos="-5.37500048 0.237232521 -2.62500024" rot="0.996195316 0 0.0871557146 0 1 0 -0.0871557146 0 0.996195316"/>
        <Entity template="crate_02_02" id="245" pos="-4.25 0.255832553 -1.87500012" rot="0.965925872 0 0.258819044 0 1 0 -0.258819044 0 0.965925872"/>
        <Entity template="crate_01" id="253" pos="-5.25000048 0.706005931 -2" rot="0.866025507 0 0.5 0 1 0 -0.5 0 0.866025507"/>
        <Entity template="crate_01" id="254" pos="-5.12500048 0.237232521 -3.62500024" rot="-0.0871555507 0 0.996195078 0 1 0 -0.996195078 0 -0.0871555507"/>
        <Entity template="weapon_crate" id="257" pos="-2.87500024 0 -1.75000012" rot="7.4505806e-09 0 1.00000012 0 0.99999994 0 -1.00000012 0 0"/>
        <Entity template="crate_06" id="261" pos="-4.25 0.561537266 -2" rot="-0.939693093 0 0.34202069 0 1 0 -0.34202069 0 -0.939693093"/>
        <Entity template="crate_01_02" id="104" pos="-5.25000048 0.237232521 -7.75000048" rot="-0.0871557891 0 0.996195316 0 1 0 -0.996195316 0 -0.0871557891"/>
        <Entity template="crate_01" id="226" pos="-4.125 0.237232521 -7.87500048" rot="-0.0871556774 0 -0.996194839 0 1 0 0.996194839 0 -0.0871556774"/>
        <Entity template="crate_01" id="242" pos="-4.875 0.706982493 -7.75000048" rot="0.258819163 0 -0.965926051 0 1 0 0.965926051 0 0.258819163"/>
        <Entity template="barrel_02_02" id="255" pos="-3.12500024 0.538434088 -7.87500048" rot="1 0 0 0 1 0 0 0 1"/>
        <Entity template="propane_tank_01" id="260" pos="7.25000048 -0.0939209461 -6.50000048" rot="1 0 0 0 1 0 0 0 1"/>
        <Entity template="barrel_02_02" id="263" pos="-6.50000048 0.538434088 -7.75000048" rot="1 0 0 0 1 0 0 0 1"/>
        <Entity template="barrel_02_02" id="264" pos="-7.37500048 0.538434088 -7.87500048" rot="0.939692676 0 0.342020154 0 1 0 -0.342020154 0 0.939692676"/>
        <Entity template="barrel_02" id="267" pos="-7.13700294 0.538434029 -7.13000011" rot="0.99999994 0 0 0 0.99999994 -0 -0 0 0.999999881"/>
        <Entity template="barrel_02" id="268" pos="-2.38480139 0.538434088 -7.8381319" rot="1 0 0 0 1 0 0 0 1"/>
        <Entity template="barricade_concrete_01" id="270" pos="5.99026775 0.468129754 -7.67232466" rot="0.866026521 0 -0.500000656 0 1 0 0.500000656 0 0.866026521"/>
        <Entity template="barricade_concrete_02" id="272" pos="3.91456771 0.468129754 -8.06239128" rot="0.99619472 0 0.087155737 0 1 0 -0.087155737 0 0.99619472"/>
        <Entity template="barricade_sack_04" id="274" pos="-8.70425129 0.362930387 -7.92122507" rot="1 0 0 0 1 0 0 0 1"/>
        <Entity template="barricade_sack_01" id="273" pos="1.125 0.430159867 -3.49999976" rot="0.707106948 0 0.707107067 0 1 0 -0.707107067 0 0.707106948"/>
        <Entity template="barricade_sack_07" id="278" pos="0.500000238 0.507322192 -4.25" rot="0.0871559754 0 0.996194959 0 1 0 -0.996194959 0 0.0871559754"/>
        <Entity template="barricade_sack_04" id="283" pos="3.87500024 0.362930387 4.625" rot="0 0 1.00000012 0 1 0 -1.00000012 0 0"/>
        <Entity template="barricade_sack_01" id="286" pos="5.75000048 0.430159867 -6.75000048" rot="0.57357651 0 -0.819152117 0 1 0 0.819152117 0 0.57357651"/>
        <Entity template="water_tank_plastic_02" id="288" pos="1.75000024 0.619084895 7.00000048" rot="-0.9993909 0 0.0348995179 0 1 0 -0.0348995179 0 -0.9993909"/>
        <Entity template="water_tank_plastic_02" id="289" pos="2.87500024 0.619084895 6.25000048" rot="0.99862951 0 0.0523359068 0 1 0 -0.0523359068 0 0.99862951"/>
        <Entity template="brick_stack_01" id="291" pos="7.25000048 0 7.00000048" rot="-1.00000036 0 0 0 1 0 0 0 -1.00000036"/>
        <Entity template="brick_stack_01" id="292" pos="6.25000048 0 5.62500048" rot="-0.996195138 0 0.0871557817 0 1 0 -0.0871557817 0 -0.996195138"/>
        <Entity template="brick_stack_01" id="293" pos="6.12500048 0 7.25000048" rot="1.00000072 0 -6.70552254e-08 0 1 0 6.70552254e-08 0 1.00000072"/>
        <Entity template="brick_stack_01" id="294" pos="4.875 0 7.12500048" rot="-0.996195793 0 0.0871560499 0 1 0 -0.0871560499 0 -0.996195793"/>
        <Entity template="brick_stack_01" id="295" pos="5 0 5.62500048" rot="-0.996195793 0 0.0871560499 0 1 0 -0.0871560499 0 -0.996195793"/>
        <Entity template="pallet_01" id="297" pos="7.37500048 0 5.75000048" rot="1 0 0 0 1 0 0 0 1"/>
        <Entity template="pallet_01" id="250" pos="5.62500048 1.00100005 6.62500048" rot="0.939692676 0 0.342020154 0 1 0 -0.342020154 0 0.939692676"/>
        <Entity template="pallet_02" id="271" pos="6.87500048 1.00100005 7.12500048" rot="0.965925992 0 0.258819044 0 1 0 -0.258819044 0 0.965925992"/>
        <Entity template="tire_tractor" id="276" pos="6.12500048 1.34688914 6.75000048" rot="1 0 0 0 1 0 0 0 1"/>
        <Entity template="barrel_02_02" id="280" pos="3.87500024 0.538434088 6.37500048" rot="1 0 0 0 1 0 0 0 1"/>
        <Entity template="barrel_02" id="284" pos="3.87500024 0.538434088 7.25000048" rot="1 0 0 0 1 0 0 0 1"/>
        <Entity template="barrel_02_02" id="287" pos="3.00000024 0.538434088 7.25000048" rot="1 0 0 0 1 0 0 0 1"/>
        <Entity template="shrub_03_02" id="279" pos="9.25 0.201024577 -6.75000048" rot="1 0 0 0 1 0 0 0 1"/>
        <Entity template="shrub_03_02" id="290" pos="8.75 0.201024577 -5" rot="0.258819282 0 0.965926051 0 1 0 -0.965926051 0 0.258819282"/>
        <Entity template="shrub_03_02" id="304" pos="12.375001 0.201024577 -7.12500048" rot="0.939694524 0 -0.34202075 0 1 0 0.34202075 0 0.939694524"/>
        <Entity template="grass_02" id="307" pos="8.875 0 -2.125" rot="0.573576629 0 0.819152117 0 1 0 -0.819152117 0 0.573576629"/>
        <Entity template="grass_02" id="310" pos="12.625001 0 -1.87500012" rot="2.98023224e-08 0 1.00000095 0 1 0 -1.00000095 0 2.98023224e-08"/>
        <Entity template="grass_02" id="311" pos="10.125001 0 -5.25000048" rot="-0.707107008 0 0.707107723 0 1 0 -0.707107723 0 -0.707107008"/>
        <Entity template="grass_02" id="312" pos="12.750001 0 -2.87500024" rot="0.81915164 0 -0.573578954 0 1 0 0.573578954 0 0.81915164"/>
        <Entity template="grass_02" id="313" pos="12.875001 0 -4" rot="0.342017114 0 -0.939695477 0 1 0 0.939695477 0 0.342017114"/>
        <Entity template="grass_02" id="314" pos="12.750001 0 -5.12500048" rot="-0.499997348 0 0.866028309 0 1 0 -0.866028309 0 -0.499997348"/>
        <Entity template="grass_02" id="315" pos="12.625001 0 -7.12500048" rot="-0.642791986 0 -0.766042531 0 1 0 0.766042531 0 -0.642791986"/>
        <Entity template="grass_02" id="316" pos="10.750001 0 -7.37500048" rot="-0.766047835 0 -0.64278686 0 1 0 0.64278686 0 -0.766047835"/>
        <Entity template="grass_02" id="317" pos="9 0 -7.62500048" rot="0.984809756 0 0.173645735 0 1 0 -0.173645735 0 0.984809756"/>
        <Entity template="grass_02" id="318" pos="8.75 0 -6.37500048" rot="0.707108378 0 0.707107782 0 1 0 -0.707107782 0 0.707108378"/>
        <Entity template="grass_02" id="319" pos="10.125001 0 -6.50000048" rot="-0.422617704 0 0.906310618 0 1 0 -0.906310618 0 -0.422617704"/>
        <Entity template="grass_02" id="320" pos="11.500001 0 -6.50000048" rot="-0.866025567 0 0.500003815 0 1 0 -0.500003815 0 -0.866025567"/>
        <Entity template="grass_02" id="322" pos="9.375 0 0.125" rot="-0.766043186 0 0.642792165 0 1 0 -0.642792165 0 -0.766043186"/>
        <Entity template="grass_02" id="323" pos="9.125 0 -1.75000012" rot="-0.707111061 0 -0.707104743 0 1 0 0.707104743 0 -0.707111061"/>
        <Entity template="grass_02" id="324" pos="9.5 0 -3.37500024" rot="-0.342024267 0 -0.939693213 0 1 0 0.939693213 0 -0.342024267"/>
        <Entity template="fruit_box_pear" id="326" pos="7.23270464 0.924597502 -0.21207571" rot="-0.173647642 0 -0.984807789 0 0.999998987 0 0.984807491 0 -0.173648328"/>
        <Entity template="fruit_box_pear" id="327" pos="7.06412792 0.924597502 -0.585172951" rot="4.69386578e-07 0 -0.99999994 0 0.999998987 0 0.999999762 0 -2.16066837e-07"/>
        <Entity template="fruit_box_pear" id="328" pos="6.54424047 0.924597502 -0.790645778" rot="0.984808087 0 -0.173647955 0 0.999998987 0 0.173648596 0 0.984807849"/>
        <Entity template="fruit_box_pear" id="329" pos="6.46329451 0.924597502 -0.281652629" rot="0.0871561319 0 -0.996195197 0 0.999998987 0 0.996195138 0 0.087155439"/>
        <Entity template="fruit_box_orange" id="332" pos="6.93960333 1.07713699 -0.574277699" rot="-0.707107127 0 -0.707107544 0 0.999998987 0 0.707107008 0 -0.707107425"/>
        <Entity template="fruit_box_orange" id="333" pos="6.46329451 1.07713699 -0.281652629" rot="-0.984808445 0 -0.173648864 0 0.999998987 0 0.173648104 0 -0.984808326"/>
        <Entity template="fence_metal_corner_01" id="138" pos="8 1.5866398e-08 4.19000006" rot="-8.74227766e-08 0 -1 0 1 0 1 0 -8.74227766e-08"/>
        <Entity template="Deploy Slot" id="141" pos="8.625 0.100000001 6.75000048" rot="-0.99999994 0 1.41561031e-07 0 0.999998987 0 1.63912773e-07 0 -0.99999994"/>
        <Entity template="Deploy Slot" id="142" pos="8.625 0.100000001 5.75000048" rot="-1.00000036 0 8.19563866e-08 0 0.999999464 0 8.19563866e-08 0 -1"/>
        <Entity template="Deploy Slot" id="143" pos="8.625 0.100000001 4.74999952" rot="-0.906307876 0 -0.422618181 0 1 0 0.422618181 0 -0.906307876"/>
        <Entity template="Ranger Assaulter" id="145" pos="8.5 0 4.75" rot="-1.00000024 0 0 0 1 0 0 0 -1.00000024">
            <Human needsRescue="false">
                <Traits/>
            </Human>
        </Entity>
        <Entity template="Ranger Support" id="147" pos="8.5 0 5.75000048" rot="-0.766044796 0 0.642787814 0 1 0 -0.642787814 0 -0.766044796">
            <Human needsRescue="false">
                <Traits/>
            </Human>
        </Entity>
        <Entity template="fence_stone_02" id="335" pos="2.375 0 8.125" rot="1 0 0 0 1 0 0 0 1">
            <Wall numTrees="1" numNodes="2">
                <Branch parent="0" p0="0 0" p1="4.87500048 0"/>
            </Wall>
        </Entity>
        <Entity template="fence_stone_02" id="336" pos="8.375 0 8.625" rot="1 0 0 0 1 0 0 0 1">
            <Wall numTrees="1" numNodes="2">
                <Branch parent="0" p0="-0.624999523 0" p1="-0.624999523 0.75"/>
            </Wall>
        </Entity>
        <Entity template="fence_stone__pole_02" id="338" pos="7.75000048 0 8.125" rot="1 0 0 0 1 0 0 0 1"/>
        <Entity template="Movement Blocker" id="340" pos="8 0 10.125001" rot="1 0 0 0 1 0 0 0 1">
            <Wall numTrees="1" numNodes="15">
                <Branch parent="0" p0="-0.625 -0.500000954" p1="-0.624999523 -1.62500095" p2="-7 -1.75000095" p3="-7.875 -2.75000048" p4="-7.875 -3.12500048" p5="-22.25 -3.12500048" p6="-22.25 -13.500001" p7="-23.125 -14.375001" p8="-23.125 -17.5000019" p9="-22 -18.625" p10="-0.249999523 -18.625" p11="-0.249999523 -19.625" p12="8.625 -19.625" p13="8.625 -0.500000954" p14="0.25 -0.500000954"/>
            </Wall>
        </Entity>
        <Entity template="far_rural_ambience_st" id="342" pos="-16.75 0.200000003 -9.375" rot="1 0 0 0 1 0 0 0 1">
            <SoundEmitter/>
        </Entity>
        <Entity template="wind_desert_st" id="344" pos="-16.625 0.200000003 -8.625" rot="1 0 0 0 1 0 0 0 1">
            <SoundEmitter/>
        </Entity>
        <Entity template="wind_desert_02_mn" id="346" pos="-9.875 1.60000002 -19" rot="1 0 0 0 1 0 0 0 1">
            <SoundEmitter minAttenuationDistance="10.8" maxAttenuationDistance="16.799999"/>
        </Entity>
        <Entity template="far_rural_ambience_mn" id="348" pos="22.3750019 1.60000002 -11.500001" rot="1 0 0 0 1 0 0 0 1">
            <SoundEmitter minAttenuationDistance="15" maxAttenuationDistance="25.6"/>
        </Entity>
        <Entity template="Veteran Insurgent" id="357" pos="-3.12500024 0 -2.49999976" rot="0.173647761 0 -0.984807909 0 1 0 0.984807909 0 0.173647761">
            <Targets num="1" id0="699"/>
            <Human needsRescue="false">
                <Traits investigateMaxDistanceMeters="26" chanceToBlindFire="1"/>
            </Human>
        </Entity>
        <Entity template="Machinegunner" id="365" pos="-7.875 0 -7.12500048" rot="-0.99619472 0 -0.0871558785 0 1 0 0.0871558413 0 -0.99619472">
            <Human needsRescue="false">
                <Traits chanceToAmbush="0"/>
            </Human>
        </Entity>
        <Entity template="pickup_02_white" id="425" pos="6.74864435 1.01327896e-06 -2.12963676" rot="1.0000006 0 4.76837158e-07 0 0.999998987 0 2.30967999e-07 0 1.00000048" group="28"/>
        <Entity template="pickup_02_glass_right" id="426" pos="7.39863777 9.53674316e-07 -2.03964424" rot="1.0000006 0 4.76837158e-07 0 0.999998987 0 2.30967999e-07 0 1.00000048" group="28"/>
        <Entity template="pickup_02_glass_back" id="427" pos="6.74863625 8.94069672e-07 -1.79964125" rot="1.0000006 0 4.76837158e-07 0 0.999998987 0 2.30967999e-07 0 1.00000048" group="28"/>
        <Entity template="pickup_02_glass_left" id="428" pos="6.09864712 1.01327896e-06 -2.03964472" rot="1.0000006 0 4.76837158e-07 0 0.999998987 0 2.30967999e-07 0 1.00000048" group="28"/>
        <Entity template="pickup_02_glass_front" id="429" pos="6.74864292 9.53674316e-07 -3.02964544" rot="1.0000006 0 4.76837158e-07 0 0.999998987 0 2.30967999e-07 0 1.00000048" group="28"/>
        <Entity template="pickup_02_glass_door_left" id="430" pos="6.09148312 1.13248825e-06 -2.67429972" rot="1.00000083 0 5.88595867e-07 0 0.999998987 0 2.01165676e-07 0 1.00000048" group="28"/>
        <Entity template="pickup_02_white_door_left" id="431" pos="6.04647684 1.13248825e-06 -2.7043004" rot="1.00000167 0 5.81145287e-07 0 0.999998987 0 2.01165676e-07 0 1.00000155" group="28"/>
        <Entity template="pickup_02_white_door_right" id="432" pos="7.44860315 1.13248825e-06 -2.70664215" rot="1.0000006 0 4.76837158e-07 0 0.999998987 0 2.30967999e-07 0 1.00000048" group="28"/>
        <Entity template="pickup_02_glass_door_right" id="433" pos="7.38859701 1.01327896e-06 -2.67663956" rot="1.0000006 0 4.76837158e-07 0 0.999998987 0 2.30967999e-07 0 1.00000048" group="28"/>
        <Entity template="Deploy Slot" id="435" pos="8.625 0.100000001 7.75" rot="1 0 0 0 1 0 0 0 1" group="30"/>
        <Entity template="Ranger Marksman" id="437" pos="8.625 0 7.75000048" rot="1 0 0 0 1 0 0 0 1" group="32">
            <Human needsRescue="false">
                <Traits/>
            </Human>
        </Entity>
        <Entity template="Ranger Grenadier" id="439" pos="8.625 0 6.62500048" rot="1 0 0 0 1 0 0 0 1" group="34">
            <Human needsRescue="false">
                <Traits/>
            </Human>
        </Entity>
        <Entity template="old_sedan_06_05" id="354" pos="11.000001 -0.119999997 -1.625" rot="-0.338865846 0.0996428952 0.93554157 0.0760199353 0.994018078 -0.0783353075 -0.937757909 0.0445752218 -0.344414711"/>
        <Entity template="barricade_sack_06" id="442" pos="-14.000001 0.103965119 -7.87500048" rot="0.766044617 0 0.642787576 0 0.999999523 0 -0.642787397 0 0.766044199" group="36"/>
        <Entity template="barricade_sack_06" id="443" pos="-14.500001 0.103965119 -7.50000048" rot="0.766044617 0 0.642787576 0 0.999999523 0 -0.642787397 0 0.766044199" group="37"/>
        <Entity template="barricade_sack_06" id="444" pos="-14.250001 0.298324496 -7.62500048" rot="0.766044617 0 0.642787576 0 0.999999523 0 -0.642787397 0 0.766044199" group="38"/>
        <Entity template="barricade_sack_06" id="446" pos="-14.625001 0.103965059 -4.625" rot="5.51342964e-07 0 0.999999881 0 0.999998927 0 -0.999999702 0 -2.90572643e-07" group="40"/>
        <Entity template="sedan_01_glass_door_left" id="457" pos="12.125001 1.16082025 -3.12500024" rot="-0.751763761 0.100639254 0.651702285 -0.183947966 -0.981057227 -0.0606918931 0.633251786 -0.165505916 0.756039083"/>
        <Entity template="sedan_01_glass_door_right" id="464" pos="9.75004482 0.9514364 -3.32799721" rot="-0.651702285 0.100639254 -0.751763761 0.0606918931 -0.981057227 -0.183947966 -0.756039083 -0.165505916 0.633251786"/>
        <Entity template="shrub_03_02" id="466" pos="11.000001 0.201024577 -5.25000048" rot="1 0 0 0 1 0 0 0 1" group="43"/>
        <Entity template="Invisible Wall Rocks" id="467" pos="6.12500048 0 -2.125" rot="1 0 0 0 1 0 0 0 1" group="44">
            <Wall numTrees="1" numNodes="5">
                <Branch parent="0" p0="0.25 -0.125" p1="1.375 -0.125" p2="1.375 0.249999881" p3="0 0.249999881" p4="0 -0.125"/>
            </Wall>
        </Entity>
        <Entity template="metal_debris_large_04" id="474" pos="10.375001 0.127349377 -3.37500024" rot="0.819152176 0 -0.573576391 0 0.999999583 0 0.573576272 0 0.819151819" group="51"/>
        <Entity template="debris_mecparts_04" id="483" pos="11.875001 0.0825640634 -1.00000048" scale="0.790000021" rot="-0.173649415 1.51809161e-08 -0.984807551 1.3281678e-09 0.999999881 1.51809161e-08 0.984807432 1.32816069e-09 -0.173649415" group="53" editorAutoHeight="false"/>
        <Entity template="metal_sheet_01" id="485" pos="8.375 0.536536455 -7.25000048" rot="-0.221442297 -0.341036469 0.913588881 0.960278392 0.0868236199 0.265168965 -0.169755161 0.93602699 0.308266878" group="55"/>
        <Entity template="Grunt + Rocket Insurgent" id="487" pos="-9.625 0 -6.25" rot="-0.906307995 0 -0.422617823 0 1 0 0.42261821 0 -0.906307876" group="57">
            <Human needsRescue="false">
                <Traits/>
            </Human>
        </Entity>
        <Entity template="Foreign Advisor" id="492" pos="-11.375001 0 -4.625" rot="0.866025388 0 -0.500000119 0 1 0 0.500000119 0 0.866025388" group="62">
            <Human needsRescue="false">
                <Traits investigateMaxDistanceMeters="25" chanceToInvestigate="1" chanceToAmbush="0.1"/>
            </Human>
        </Entity>
        <Entity template="Grunt Insurgent" id="494" pos="-6.37500048 0 -4" rot="1 0 2.3096797e-07 0 1 0 1.63912759e-07 0 1" group="64">
            <Human needsRescue="false">
                <Traits investigateMaxDistanceMeters="25" chanceToInvestigate="0.30000001" chanceToAmbush="0.79000002"/>
            </Human>
        </Entity>
        <Entity template="Grunt Insurgent Weaponless" id="496" pos="-10.500001 0 -7.12500048" rot="0.642787933 0 -0.766044617 0 0.999998927 0 0.766043901 0 0.642787158" group="66">
            <Human needsRescue="false">
                <Traits investigateMaxDistanceMeters="25" chanceToAmbush="0"/>
            </Human>
        </Entity>
        <Entity template="barricade_sack_05" id="500" pos="-14.500001 0.25129807 -7.00000048" rot="0.422618657 0 -0.906307697 0 0.999999225 0 0.906307459 0 0.422617912" group="70"/>
        <Entity template="debris_plank_06" id="506" pos="-14.125001 0.0700000003 -5.62500048" rot="3.87932545e-07 0.996194661 0.0871554241 1.21362348e-07 0.0871554092 -0.996194661 -0.999999881 3.97033716e-07 -8.70901076e-08" group="72"/>
        <Entity template="ground_clutter_01" id="512" pos="-14.250001 0 -6.00000048" scale="0.449999988" rot="0.99999994 0 0 0 0.99999994 -0 -0 0 0.999999881" group="77"/>
        <Entity template="debris_bottle_broken" id="514" pos="-13.875001 0.0484824777 -6.25000048" rot="0.906307876 0 0.42261821 0 0.999999702 0 -0.422618151 0 0.906307578" group="79"/>
        <Entity template="bottle_wine_04" id="521" pos="-14.2200003 1.65999997 -5.75000048" rot="0.99999994 0 0 0 0.99999994 -0 -0 0 0.999999881" group="85"/>
        <Entity template="Type 56 Folded pickup" id="523" pos="-10.125001 1.10613739 -7.62500048" rot="0.819151103 -0.573576212 -1.58118652e-07 0 5.28990824e-07 0.999999464 -0.573575556 -0.819151521 -2.25816834e-07" group="87"/>
        <Entity template="barrel_02" id="534" pos="-12.125001 0.538434088 -5" rot="1 0 0 0 1 0 0 0 1" group="98"/>
        <Entity template="barrel_02_02" id="537" pos="-6.37500048 0.538434029 -4.75" rot="0.984807789 0 0.173648164 0 0.999999881 0 -0.173648149 0 0.98480767" group="101"/>
        <Entity template="barrel_02_02" id="539" pos="-10.000001 0.538434088 -7.87500048" rot="1 0 0 0 1 0 0 0 1" group="103"/>
        <Entity template="shrub_03" id="541" pos="-14.000001 0.201024368 -4.25" rot="-0.866025448 0 -0.49999842 0 0.999998927 0 0.49999851 0 -0.866025209" group="105"/>
        <Entity template="shrub_03" id="542" pos="-13.500001 0.201024115 -3.75000024" rot="-0.984806597 0 -0.173646793 0 0.999997675 0 0.173646927 0 -0.98480618" group="106"/>
        <Entity template="shrub_03" id="543" pos="-13.500001 0.201023757 -7.62500048" rot="0.173647419 0 0.98480314 0 0.999995947 0 -0.984803736 0 0.173647821" group="107"/>
        <Entity template="shrub_03" id="544" pos="-13.000001 0.201023653 -8" rot="-0.906304419 0 -0.422614932 0 0.99999541 0 0.422615409 0 -0.906304359" group="108"/>
        <Entity template="shrub_03" id="545" pos="-12.250001 0.201023549 -8" rot="0.642784476 0 -0.766041994 0 0.999994874 0 0.766041756 0 0.642783999" group="109"/>
        <Entity template="shrub_03" id="546" pos="-1.125 0.201022908 -7.875" rot="0.70709604 0 -0.707104206 0 0.999991715 0 0.707103789 0 0.707095325" group="110"/>
        <Entity template="shrub_03" id="547" pos="-0.375 0.201022789 -7.75000048" rot="-0.999989271 0 7.7188015e-06 0 0.999991119 0 -6.88433647e-06 0 -0.999989033" group="111"/>
        <Entity template="shrub_03" id="548" pos="0.125 0.201022729 -8" rot="-0.258809328 0 0.965916932 0 0.999990821 0 -0.965916872 0 -0.258808702" group="112"/>
        <Entity template="shrub_03" id="549" pos="1.125 0.20102261 -7.87500048" rot="-0.642785847 0 -0.766030252 0 0.999990225 0 0.766030848 0 -0.642786264" group="113"/>
        <Entity template="shrub_03" id="550" pos="2 0.201022506 -7.87500048" rot="0.965912938 0 -0.25882414 0 0.999989688 0 0.258823514 0 0.96591264" group="114"/>
        <Entity template="shrub_03" id="552" pos="2.75000024 0.201024413 -7.75000048" rot="-0.422616303 0 -0.906308055 0 0.999999166 0 0.906308115 0 -0.422616005" group="116"/>
        <Entity template="shrub_03" id="553" pos="6.62500048 0.201023862 -7.87500048" rot="-0.819148123 0 -0.573577583 0 0.999996424 0 0.573577344 0 -0.819148421" group="117"/>
        <Entity template="shrub_03" id="555" pos="2.5 0.201023012 1.25000012" rot="0.939689994 0 -0.34201625 0 0.999992192 0 0.342016786 0 0.939689934" group="119"/>
        <Entity template="shrub_03" id="556" pos="2.5 0.201022878 -1.50000012" rot="-0.342012942 0 -0.939690113 0 0.999991536 0 0.939689875 0 -0.342012376" group="120"/>
        <Entity template="shrub_03" id="558" pos="7.37500048 0.20102182 4.375" rot="0.70710814 0 -0.707090497 0 0.999986291 0 0.707091033 0 0.7071082" group="122"/>
        <Entity template="shrub_03" id="559" pos="7.50000048 0.201021731 4.75" rot="0.499985635 0 0.866022348 0 0.999985814 0 -0.866021872 0 0.499985248" group="123"/>
        <Entity template="shrub_03" id="560" pos="6.25000048 0.201021552 4.75" rot="0.984798312 0 -0.173635215 0 0.99998498 0 0.17363587 0 0.984798729" group="124"/>
        <Entity template="shrub_03" id="562" pos="5.37500048 0.201020882 4.875" rot="-0.707104087 0 0.707089305 0 0.999981642 0 -0.707089663 0 -0.707104325" group="126"/>
        <Entity template="shrub_03" id="563" pos="3.12500024 0.201020047 -0.625" rot="-0.984792531 0 0.173637047 0 0.999977469 0 -0.173636988 0 -0.984792888" group="127"/>
        <Entity template="shrub_03" id="564" pos="8.5 0.201018929 -3.00000024" rot="0.906288981 0 0.422611415 0 0.999971926 0 -0.422611892 0 0.906288624" group="128"/>
        <Entity template="shrub_03" id="565" pos="8.5 0.201018766 -4.25" rot="-0.342012882 0 -0.93967253 0 0.999971092 0 0.939672947 0 -0.342012852" group="129"/>
        <Entity template="shrub_03" id="566" pos="8.5 0.201018617 -5.50000048" rot="-0.819135904 0 -0.573565125 0 0.999970317 0 0.573565364 0 -0.819135487" group="130"/>
        <Entity template="shrub_03" id="567" pos="9.375 0.201018482 -6.37500048" rot="-0.984787226 0 -0.17364344 0 0.999969661 0 0.173643023 0 -0.984786391" group="131"/>
        <Entity template="shrub_03" id="568" pos="9.875 0.201018304 -7.37500048" rot="-0.707091331 0 -0.707091331 0 0.999968767 0 0.707091808 0 -0.707090676" group="132"/>
        <Entity template="shrub_03" id="569" pos="11.500001 0.201018095 -7.62500048" rot="-0.258810788 0 0.965903521 0 0.999967754 0 -0.965904415 0 -0.258810699" group="133"/>
        <Entity template="shrub_03" id="570" pos="10.500001 0.201017946 -6.37500048" rot="-0.819131136 0 0.573565781 0 0.999967039 0 -0.573566377 0 -0.81913048" group="134"/>
