<Map name="@map_doorkickers">
    <Scenario type="None" numDeployableTroops="4" referenceWinTimeSeconds="0" challenges="0" nightMission="false"/>
    <Graphics fogColor="E8C47C" fogDensity="0" windSpeed="0.155" windDirection="305" cloudDensity="0" waterClarity="0.94999999" rainAmount="0" terrainNormalsStrength="1.873" terrainSharpness="0.5" gossaoStrength="3" gossaoStrengthTerrain="5" gossaoDirectionalOcclusion="0.428" gossaoLevelsMin="0.052999999"/>
    <Terrain widthMeters="28" heightMeters="18">
        <Materials num="3" mat0="dirt_to_grass_02" mat1="dirt_to_grass" mat2="asphalt"/>
    </Terrain>
    <MusicTracks/>
    <Layers used="127" l2="1" l3="1" l4="2" l5="2" l6="3"/>
    <Entities>
        <Entity template="Floor" id="3" pos="3.25 0 -0.25" rot="1 0 0 0 1 0 0 0 1"/>
        <Entity template="Default Effect (Indoors)" id="99" pos="-8.87500095 0.0500000007 -9.75" rot="1 0 0 0 1 0 0 0 1">
            <SoundShader effectID="EFX_REVERB_HALLWAY_LARGE" defaultIndoors="true" defaultOutdoors="false"/>
        </Entity>
        <Entity template="Default Effect (Outdoors)" id="103" pos="-7.62500095 0.0500000007 -9.75" rot="1 0 0 0 1 0 0 0 1">
            <SoundShader effectID="EFX_REVERB_OUTDOORS_VALLEY" defaultIndoors="false" defaultOutdoors="true"/>
        </Entity>
        <Entity template="fence_stone__pole_02" id="7" pos="-9.00000095 0 -6.37500048" rot="1 0 0 0 1 0 0 0 1"/>
        <Entity template="fence_stone__pole_02" id="74" pos="-9.00000095 0 0.50000006" rot="1 0 0 0 1 0 0 0 1"/>
        <Entity template="fence_stone__pole_02" id="97" pos="13.6264896 0 -1.50009274" rot="1 0 0 0 1 0 0 0 1" group="1"/>
        <Entity template="fence_stone__pole_02" id="89" pos="13.6278992 0 5.50009346" rot="1.00000012 0 7.4505806e-09 0 1 0 -7.4505806e-09 0 1.00000012" group="1"/>
        <Entity template="fence_stone__pole_02" id="93" pos="13.6279001 0 2.00009274" rot="1.00000012 0 7.4505806e-09 0 1 0 -7.4505806e-09 0 1.00000012" group="1"/>
        <Entity template="fence_stone__pole_02" id="101" pos="5.00145769 0 7.00225639" rot="0 0 -1.00000024 0 1 0 1.00000024 0 0" group="2"/>
        <Entity template="fence_stone__pole_02" id="106" pos="8.50145912 0 7.00225735" rot="0 0 -1.00000024 0 1 0 1.00000024 0 0" group="2"/>
        <Entity template="fence_stone__pole_02" id="110" pos="12.001646 0 7.00084734" rot="0 0 -1.00000012 0 1 0 1.00000012 0 0" group="2"/>
        <Entity template="fence_stone__pole_02" id="124" pos="-2.99854183 0 7.00225735" rot="0 0 -1.00000024 0 1 0 1.00000024 0 0"/>
        <Entity template="fence_stone__pole_02" id="128" pos="0.501644373 0 7.00084734" rot="0 0 -1.00000012 0 1 0 1.00000012 0 0"/>
        <Entity template="fence_stone__pole_02" id="147" pos="-6.37500095 0 0.50000006" rot="1 0 0 0 1 0 0 0 1"/>
        <Entity template="fence_stone__pole_02" id="151" pos="-3.00000048 0 4.5" rot="1 0 0 0 1 0 0 0 1"/>
        <Entity template="fence_stone__pole_02" id="152" pos="-3.00000048 0 3.00000024" rot="1 0 0 0 1 0 0 0 1"/>
        <Entity template="low_stone_wall_03" id="169" pos="-10.375001 0.490038961 0.50000006" rot="0 0 1.00000012 0 1 0 -1.00000012 0 0"/>
        <Entity template="low_stone_wall_03" id="170" pos="-11.625001 0.490038961 1.75" rot="-1.00000024 0 0 0 1 0 0 0 -1.00000024"/>
        <Entity template="low_stone_wall_02" id="174" pos="-3.00000048 0.488627672 7.875" rot="1 0 0 0 1 0 0 0 1"/>
        <Entity template="low_stone_wall_04" id="176" pos="-4.25000048 0.490408003 8.375" rot="0 0 1.00000012 0 1 0 -1.00000012 0 0"/>
        <Entity template="low_stone_wall_04" id="177" pos="-10.375001 0.490408003 8.375" rot="0 0 1.00000012 0 1 0 -1.00000012 0 0"/>
        <Entity template="crumbling_wall_01" id="181" pos="-11.750001 0.514934361 7.875" rot="-1.00000048 0 0 0 1 0 0 0 -1.00000048"/>
        <Entity template="crumbling_wall_01" id="182" pos="-5.875 0.514934361 8.375" rot="0 0 -1.0000006 0 1 0 1.0000006 0 0"/>
        <Entity template="crumbling_wall_01" id="184" pos="-8.62500095 0.514934361 8.375" rot="0 0 1.00000012 0 1 0 -1.00000012 0 0"/>
        <Entity template="shrub_01_02" id="187" pos="-9.75000095 0.208348572 2.25" rot="1 0 0 0 1 0 0 0 1"/>
        <Entity template="shrub_01_02" id="189" pos="-5.25 0.208348572 2.25" rot="1 0 0 0 1 0 0 0 1"/>
        <Entity template="shrub_01_02" id="190" pos="-9.75000095 0.208348572 3.50000024" rot="1 0 0 0 1 0 0 0 1"/>
        <Entity template="shrub_01_02" id="191" pos="-5.22754431 0.208348572 6.6972928" rot="1 0 0 0 1 0 0 0 1"/>
        <Entity template="shrub_01_02" id="192" pos="-5.25 0.208348572 3.75000024" rot="1 0 0 0 1 0 0 0 1"/>
        <Entity template="shrub_01_02" id="193" pos="-5.25 0.208348572 5" rot="1 0 0 0 1 0 0 0 1"/>
        <Entity template="shrub_01_02" id="195" pos="-9.75000095 0.208348572 5" rot="1 0 0 0 1 0 0 0 1"/>
        <Entity template="shrub_03_02" id="197" pos="-9.65843487 0.201024577 6.57871246" rot="-0.819152236 0 -0.573576748 0 1 0 0.573576748 0 -0.819152236"/>
        <Entity template="water_well" id="21" pos="-7.375 1.04193044 3.75000095" rot="0.984808743 0 0.173647761 0 1 0 -0.173647761 0 0.984808743"/>
        <Entity template="crumbling_wall_02" id="23" pos="-9 0.497997522 7.75000048" rot="1 0 0 0 1 0 0 0 1"/>
        <Entity template="grass_02" id="85" pos="-1.50000012 0 8.125" rot="0.965930223 0 -0.258814394 0 1 0 0.258814394 0 0.965930223"/>
        <Entity template="grass_01" id="237" pos="-7.75000048 0 -0.625" rot="0.173672646 0 -0.984814405 0 1 0 0.984814405 0 0.173672646"/>
        <Entity template="crumbling_wall_01" id="267" pos="-12.250001 0.514934361 0.5" rot="0 0 -1.00000012 0 1 0 1.00000012 0 0"/>
        <Entity template="grass_02" id="239" pos="6.50000048 0 8" rot="-0.866026402 0 0.499997973 0 1 0 -0.499997973 0 -0.866026402"/>
        <Entity template="grass_02" id="240" pos="7.62500048 0 7.875" rot="-0.342024088 0 0.939692736 0 1 0 -0.939692736 0 -0.342024088"/>
        <Entity template="Ranger Assaulter" id="324" pos="-7.00000143 0 1.37499964" rot="0.707107842 0 -0.707107842 0 1 0 0.707107842 0 0.707107842">
            <Human needsRescue="false">
                <Traits/>
            </Human>
        </Entity>
        <Entity template="barrel_01_02" id="452" pos="-6.15485048 0.515030205 4.55857134" rot="1 0 0 0 1 0 0 0 1"/>
        <Entity template="fence_chainlink_01" id="458" pos="-10.2480469 0 0.50195384" rot="-1.00000048 0 0 0 1 0 0 0 -1.00000048"/>
        <Entity template="fence_chainlink_01" id="460" pos="-12.2480469 0 0.501954317" rot="-1.00000024 0 0 0 1 0 0 0 -1.00000024"/>
        <Entity template="fence_chainlink_01" id="461" pos="-14.2480469 0 0.50195384" rot="-1.00000024 0 0 0 1 0 0 0 -1.00000024"/>
        <Entity template="Ranger Assaulter" id="323" pos="-4.37500048 0 1.37499964" rot="0.707108259 0 -0.707108259 0 1 0 0.707108259 0 0.707108259">
            <Human needsRescue="false">
                <Traits/>
            </Human>
        </Entity>
        <Entity template="fence_stone__pole_02" id="143" pos="-3.00000024 0 0.5" rot="1 0 0 0 1 0 0 0 1"/>
        <Entity template="Terrain" id="4" pos="-14.000001 0 9" rot="1 0 0 0 1 0 0 0 1">
            <PolyShape num="16" p0="0 0 0" p1="22.875 0 0" p2="22.875 0 -1.74999952" p3="26.3750019 0 -1.74999952" p4="27.1250019 0 -2.37499952" p5="27.7500019 0 -3.12499952" p6="27.8750019 0 -3.74999952" p7="27.7500019 0 -4" p8="27.7500019 0 -15.625" p9="26.5000019 0 -15.625" p10="12.250001 0 -15.625" p11="6.12500048 0 -15.625" p12="4.75000095 0 -15.625" p13="4.62500095 0 -8.5" p14="0 0 -8.5" p15="0 0 0"/>
        </Entity>
        <Entity template="Deploy Slot" id="114" pos="-7.12500095 0.100000001 1.37500012" rot="-0.258819044 0 0.965926826 0 0.999999881 0 -0.965926766 0 -0.258819073"/>
        <Entity template="fence_stone_02" id="462" pos="-3.00000024 0 1" rot="1 0 0 0 1 0 0 0 1">
            <Wall numTrees="1" numNodes="2">
                <Branch parent="0" p0="0 0" p1="0 1.5"/>
            </Wall>
        </Entity>
        <Entity template="fence_stone_02" id="463" pos="-3.00000024 0 5" rot="1 0 0 0 1 0 0 0 1">
            <Wall numTrees="1" numNodes="2">
                <Branch parent="0" p0="0 0" p1="0 1.50000048"/>
            </Wall>
        </Entity>
        <Entity template="fence_stone_02" id="464" pos="-2.5 0 7.00000048" rot="1 0 0 0 1 0 0 0 1">
            <Wall numTrees="1" numNodes="2">
                <Branch parent="0" p0="0 0" p1="2.5 0"/>
            </Wall>
        </Entity>
        <Entity template="fence_stone_02" id="465" pos="5.50000048 0 7.00000048" rot="1 0 0 0 1 0 0 0 1">
            <Wall numTrees="1" numNodes="2">
                <Branch parent="0" p0="0 0" p1="2.49999952 0"/>
            </Wall>
        </Entity>
        <Entity template="fence_stone_02" id="466" pos="9 0 7.00000048" rot="1 0 0 0 1 0 0 0 1">
            <Wall numTrees="1" numNodes="2">
                <Branch parent="0" p0="0 0" p1="2.50000095 0"/>
            </Wall>
        </Entity>
        <Entity template="fence_stone_02" id="467" pos="12.000001 0 7.00000048" rot="1 0 0 0 1 0 0 0 1">
            <Wall numTrees="1" numNodes="4">
                <Branch parent="0" p0="0 0" p1="0.25 0" p2="1.625 -1.25" p3="1.625 -1.5"/>
            </Wall>
        </Entity>
        <Entity template="fence_stone_02" id="468" pos="13.625001 0 5" rot="1 0 0 0 1 0 0 0 1">
            <Wall numTrees="1" numNodes="2">
                <Branch parent="0" p0="0 0" p1="0 -2.5"/>
            </Wall>
        </Entity>
        <Entity template="fence_stone_02" id="469" pos="13.625001 0 1.50000012" rot="1 0 0 0 1 0 0 0 1">
            <Wall numTrees="1" numNodes="2">
                <Branch parent="0" p0="0 0" p1="0 -2.5"/>
            </Wall>
        </Entity>
        <Entity template="fence_stone_02" id="470" pos="13.625001 0 -2" rot="1 0 0 0 1 0 0 0 1">
            <Wall numTrees="1" numNodes="2">
                <Branch parent="0" p0="0 0" p1="0 -3.87500048"/>
            </Wall>
        </Entity>
        <Entity template="fence_stone_02" id="474" pos="-9 0 -3.50000024" rot="1 0 0 0 1 0 0 0 1">
            <Wall numTrees="1" numNodes="2">
                <Branch parent="0" p0="0 -2.37500024" p1="0 3.50000024"/>
            </Wall>
        </Entity>
        <Entity template="fence_stone_02" id="475" pos="-8.5 0 0.5" rot="1 0 0 0 1 0 0 0 1">
            <Wall numTrees="1" numNodes="2">
                <Branch parent="0" p0="0 0" p1="1.625 0"/>
            </Wall>
        </Entity>
        <Entity template="wind_desert_st" id="481" pos="-8.5 0.200000003 -8" rot="1 0 0 0 1 0 0 0 1">
            <SoundEmitter minAttenuationDistance="5.4000001" maxAttenuationDistance="9.5"/>
        </Entity>
        <Entity template="far_rural_ambience_mn" id="483" pos="-8.125 1.60000002 17.75" rot="1 0 0 0 1 0 0 0 1">
            <SoundEmitter minAttenuationDistance="13.2" maxAttenuationDistance="22"/>
        </Entity>
        <Entity template="roomtone_hallway_02" id="486" pos="14 1.60000002 4.75" rot="1 0 0 0 1 0 0 0 1">
            <SoundEmitter minAttenuationDistance="4" maxAttenuationDistance="7.3000002"/>
        </Entity>
        <Entity template="shrub_01_02" id="524" pos="-7.37500048 0.208348572 5.87500048" rot="1 0 0 0 1 0 0 0 1" group="44"/>
        <Entity template="shrub_01_02" id="525" pos="-8.125 0.208348572 7.00000048" rot="1 0 0 0 1 0 0 0 1" group="45"/>
        <Entity template="shrub_01_02" id="526" pos="-5.62500048 0.208348572 7.50000048" rot="1 0 0 0 1 0 0 0 1" group="46"/>
        <Entity template="shrub_01_02" id="528" pos="-7.25000048 0 5.87500048" rot="1 0 0 0 1 0 0 0 1" group="48"/>
        <Entity template="shrub_01_02" id="529" pos="-13.125001 0.208348572 2.25" rot="1 0 0 0 1 0 0 0 1" group="49"/>
        <Entity template="shrub_01_02" id="530" pos="-13.125001 0.208348572 4.25" rot="0.819152176 0 0.57357645 0 1 0 -0.57357645 0 0.819152176" group="50"/>
        <Entity template="shrub_01_02" id="531" pos="-13.125001 0.208348572 6.00000048" rot="1 0 0 0 1 0 0 0 1" group="51"/>
        <Entity template="shrub_01_02" id="535" pos="-13.000001 0.208348572 7.50000048" rot="1 0 0 0 1 0 0 0 1" group="55"/>
        <Entity template="Deploy Slot" id="545" pos="-3.75000024 0.100000001 5.37500048" rot="-0.965925992 0 0.258818924 0 1 0 -0.258818924 0 -0.965925992" group="59"/>
        <Entity template="Deploy Slot" id="547" pos="-3.75000024 0.100000001 6.37500048" rot="0.965926945 0 0.25881952 0 1 0 -0.25881952 0 0.965926945" group="61"/>
        <Entity template="Deploy Slot" id="550" pos="-4.375 0.100000001 1.375" rot="-0.500001073 0 -0.866026282 0 0.999999881 0 0.866026163 0 -0.500001013" group="64"/>
        <Entity template="Deploy Slot" id="552" pos="-8.125 0.100000001 1.37500012" rot="0.500000179 0 0.866025627 0 1 0 -0.866025627 0 0.500000179" group="66"/>
        <Entity template="Deploy Slot" id="553" pos="-9.125 0.100000001 1.37500012" rot="-0.76604557 0 -0.642788887 0 0.999999762 0 0.642788589 0 -0.766045392" group="67"/>
        <Entity template="Ranger Assaulter" id="555" pos="-3.75 0 5.37500048" rot="-0.0871555656 0 0.996194959 0 1 0 -0.996194959 0 -0.0871555656" group="69">
            <Human needsRescue="false">
                <Traits/>
            </Human>
        </Entity>
        <Entity template="Ranger Assaulter" id="556" pos="-3.75000024 0 6.25000048" rot="1 0 0 0 1 0 0 0 1" group="70">
            <Human needsRescue="false">
                <Traits/>
            </Human>
        </Entity>
        <Entity template="fence_stone__pole_02" id="565" pos="-4.875 0 0.5" rot="1 0 0 0 1 0 0 0 1" group="74"/>
        <Entity template="fence_stone_02" id="566" pos="-3.87500024 0 0.5" rot="1 0 0 0 1 0 0 0 1" group="75">
            <Wall numTrees="1" numNodes="2">
                <Branch parent="0" p0="-0.5 0" p1="0.375 0"/>
            </Wall>
        </Entity>
        <Entity template="Deploy Slot" id="575" pos="-3.75000024 0.100000001 2.25000024" rot="0.965925872 0 0.258819044 0 0.999999821 0 -0.258819044 0 0.965925753" group="77"/>
        <Entity template="RescueZone" id="783" pos="-10.625001 0.0500000007 5.62500048" rot="1 0 0 0 1 0 0 0 1" group="186"/>
        <Entity template="fence_stone__pole_02" id="786" pos="-2.375 0 -6.37500048" rot="1 0 0 0 1 0 0 0 1" group="188"/>
        <Entity template="fence_stone__pole_02" id="787" pos="5.87500048 0 -6.37500048" rot="1 0 0 0 1 0 0 0 1" group="189"/>
        <Entity template="fence_stone__pole_02" id="790" pos="13.625001 0 -6.37500048" rot="1 0 0 0 1 0 0 0 1"/>
        <Entity template="fence_stone_02" id="792" pos="5.37500048 0 -6.37500048" rot="1 0 0 0 1 0 0 0 1" group="191">
            <Wall numTrees="1" numNodes="2">
                <Branch parent="0" p0="0 0" p1="-7.25000048 0"/>
            </Wall>
        </Entity>
        <Entity template="fence_stone_02" id="793" pos="-2.87500024 0 -6.37500048" rot="1 0 0 0 1 0 0 0 1" group="192">
            <Wall numTrees="1" numNodes="2">
                <Branch parent="0" p0="0 0" p1="-5.625 0"/>
            </Wall>
        </Entity>
        <Entity template="grass_02" id="802" pos="0.24999997 0 8.125" rot="0.342020869 0 0.939691782 0 1 0 -0.939691782 0 0.342020869" group="201"/>
        <Entity template="grass_02" id="803" pos="6.87500048 0 8.25" rot="-0.939692736 0 0.342023224 0 1 0 -0.342023224 0 -0.939692736" group="202"/>
        <Entity template="grass_01_02" id="867" pos="-11.500001 0 5.37500048" rot="-0.500000119 0 0.866025209 0 1 0 -0.866025209 0 -0.500000119" group="259"/>
        <Entity template="grass_01_02" id="868" pos="-11.250001 0 5.87500048" rot="0.996194363 0 -0.087155968 0 1 0 0.087155968 0 0.996194363" group="260"/>
        <Entity template="grass_01_02" id="869" pos="-5.50000048 0 6.12500048" rot="0.64278686 0 -0.766045034 0 1 0 0.766045034 0 0.64278686" group="261"/>
        <Entity template="grass_01_02" id="870" pos="-8.125 0 6.75000048" rot="0.999998152 0 -2.1904707e-06 0 1 0 2.1904707e-06 0 0.999998152" group="262"/>
        <Entity template="grass_01_02" id="871" pos="-5.37500048 0 7.25000048" rot="-0.819144905 0 0.573578835 0 1 0 -0.573578835 0 -0.819144905" group="263"/>
        <Entity template="grass_01_02" id="872" pos="-8.125 0 2.125" rot="-0.906306148 0 -0.422607362 0 1 0 0.422607362 0 -0.906306148" group="264"/>
        <Entity template="grass_01_02" id="873" pos="-3.12500024 0 8.75" rot="-0.866012931 0 0.500006855 0 1 0 -0.500006855 0 -0.866012931" group="265"/>
        <Entity template="grass_01_02" id="874" pos="-3.62500024 0 8.875" rot="-0.999991179 0 1.32461309e-05 0 1 0 -1.32461309e-05 0 -0.999991179" group="266"/>
        <Entity template="fence_stone_02" id="791" pos="13.125001 0 -6.37500048" rot="1 0 0 0 1 0 0 0 1" group="190">
            <Wall numTrees="1" numNodes="2">
                <Branch parent="0" p0="0 0" p1="-6.75000048 0"/>
            </Wall>
        </Entity>
        <Entity template="pickup_02_glass_door_left" id="905" pos="-14.1490288 1.1920929e-07 6.26890469" rot="0.258819222 0 -0.965926349 0 1 0 0.965926349 0 0.258819222" group="282"/>
        <Entity template="pickup_02_glass_right" id="906" pos="-13.0337229 -5.96046448e-08 7.73220825" rot="0.866025746 0 -0.500000477 0 1 0 0.500000477 0 0.866025746" group="282"/>
        <Entity template="pickup_02_glass_left" id="907" pos="-14.1595564 0 7.08221245" rot="0.866025746 0 -0.500000477 0 1 0 0.500000477 0 0.866025746" group="282"/>
        <Entity template="pickup_02_glass_back" id="908" pos="-13.7166395 -1.1920929e-07 7.61505651" rot="0.866025746 0 -0.500000477 0 1 0 0.500000477 0 0.866025746" group="282"/>
        <Entity template="pickup_02_glass_front" id="909" pos="-13.1016407 -5.96046448e-08 6.5498476" rot="0.866025746 0 -0.500000477 0 1 0 0.500000477 0 0.866025746" group="282"/>
        <Entity template="pickup_02_white_door_right" id="911" pos="-12.5695724 1.1920929e-07 7.22826195" rot="0.939693213 0 -0.342020571 0 1 0 0.342020571 0 0.939693213" group="282"/>
        <Entity template="pickup_02_glass_door_right" id="912" pos="-12.6362095 0 7.23593473" rot="0.939693213 0 -0.342020571 0 1 0 0.342020571 0 0.939693213" group="282"/>
        <Entity template="pickup_02_white_door_left" id="913" pos="-14.1316986 1.1920929e-07 6.21767282" rot="0.25881952 0 -0.965927541 0 1 0 0.965927541 0 0.25881952" group="282"/>
        <Entity template="pickup_02_white" id="910" pos="-13.5516376 0 7.32926941" rot="0.866025746 0 -0.500000477 0 1 0 0.500000477 0 0.866025746" group="282"/>
        <Entity template="light_radial_warm" id="923" pos="-15.8320656 2 9.45167351" scale="2.70000005" rot="1 0 0 0 1 0 0 0 1" group="288"/>
        <Entity template="crumbling_wall_02" id="172" pos="-11.625001 0.497997522 3.50000024" rot="-1.00000024 0 0 0 1 0 0 0 -1.00000024"/>
        <Entity template="Movement Blocker" id="476" pos="-15.000001 0 0.25" rot="1 0 0 0 1 0 0 0 1">
            <Wall numTrees="1" numNodes="10">
                <Branch parent="0" p0="1.125 0.125" p1="5.62500095 0.125" p2="5.62500095 -7" p3="29.0000019 -7" p4="29.0000019 5.62500048" p5="27.3750019 7.12500048" p6="24 7.12500048" p7="24 8.75" p8="1 8.75" p9="1.125 0.375"/>
            </Wall>
        </Entity>
        <Entity template="dog_barking" id="937" pos="-18.625 1.60000002 13.875001" rot="1 0 0 0 1 0 0 0 1" group="300">
            <SoundEmitter minAttenuationDistance="15.3" maxAttenuationDistance="20.6"/>
        </Entity>
        <Entity template="dog_barking_far" id="939" pos="1.875 1.60000002 -11.000001" rot="1 0 0 0 1 0 0 0 1" group="302">
            <SoundEmitter minAttenuationDistance="11" maxAttenuationDistance="22"/>
        </Entity>
        <Entity template="decal_stain_large_03" id="1977" pos="-6.55210543 0.00999999978 4.43652868" rot="1 0 0 0 1 0 0 0 1" group="328"/>
        <Entity template="ground_clutter_01" id="1988" pos="-5.88899946 -0.0199999996 8.02867413" rot="0.766044438 0 -0.642787635 0 1 0 0.642787635 0 0.766044438" group="335"/>
        <Entity template="ground_clutter_03" id="1990" pos="-8.71386433 0 8.10218048" rot="1 0 0 0 1 0 0 0 1" group="337"/>
        <Entity template="ground_clutter_03" id="1991" pos="-11.5568724 0 7.2926383" rot="0.866025507 0 0.5 0 1 0 -0.5 0 0.866025507" group="338" editorAutoHeight="false"/>
        <Entity template="ground_clutter_01" id="1995" pos="-11.3895969 0 3.96402788" scale="0.629999995" rot="0.906307936 0 0.42261824 0 1 0 -0.42261824 0 0.906307936" group="340" editorAutoHeight="false"/>
        <Entity template="ground_clutter_03" id="1997" pos="-12.0147247 0 0.855317056" rot="0.342020214 0 -0.939692497 0 1 0 0.939692497 0 0.342020214" group="342"/>
        <Entity template="ground_clutter_06" id="1999" pos="-12.9013538 0 0.740646541" rot="1 0 0 0 1 0 0 0 1" group="344"/>
        <Entity template="ground_clutter_04" id="2003" pos="-8.73262978 0 7.13543797" rot="1 0 0 0 1 0 0 0 1" group="348"/>
        <Entity template="ground_clutter_01" id="2005" pos="-8.65463924 0 8.23071957" rot="0.707106829 0 0.707106829 0 1 0 -0.707106829 0 0.707106829" group="350" editorAutoHeight="false"/>
        <Entity template="ground_clutter_02" id="2008" pos="-4.38010788 0 4.7110672" rot="1 0 0 0 1 0 0 0 1" group="352"/>
        <Entity template="ground_clutter_05" id="2026" pos="-1.69809151 0 8.02629089" rot="0.642787695 0 -0.766044438 0 1 0 0.766044438 0 0.642787695" group="364"/>
        <Entity template="ground_clutter_02" id="2028" pos="-0.155089021 0 8.07631588" rot="1 0 0 0 1 0 0 0 1" group="366"/>
        <Entity template="ground_clutter_07" id="2030" pos="-0.334704161 0 9.15400791" rot="1 0 0 0 1 0 0 0 1" group="368"/>
        <Entity template="ground_clutter_07" id="2034" pos="6.24852705 0 8.45537567" rot="-0.939692795 0 0.342020035 0 1 0 -0.342020035 0 -0.939692795" group="372"/>
        <Entity template="puddle_short" id="2092" pos="-6.33490658 0.00999999978 4.19084978" rot="0.996194959 0 -0.0871557444 0 1 0 0.0871557444 0 0.996194959" group="409"/>
        <Entity template="ground_clutter_03" id="2094" pos="-11.125001 0 0.75000006" rot="-0.642787635 0 0.766044796 0 1 0 -0.766044796 0 -0.642787635" group="411"/>
        <Entity template="ground_clutter_02" id="2096" pos="-11.250001 0 1.37500012" rot="1 0 0 0 1 0 0 0 1" group="413"/>
        <Entity template="grass_tall_01" id="2100" pos="-1.25 0.0279839486 8.75" rot="-0.866025388 0 0.50000006 0 1 0 -0.50000006 0 -0.866025388" group="415"/>
        <Entity template="grass_tall_01" id="2137" pos="5.87500048 0.0279839486 7.62500048" rot="-0.984807909 0 -0.173648149 0 1 0 0.173648149 0 -0.984807909" group="436"/>
        <Entity template="grass_tall_01" id="2139" pos="-8 0.0279839486 2.5" rot="0.906307876 0 0.42261827 0 1 0 -0.42261827 0 0.906307876" group="438"/>
        <Entity template="grass_tall_01" id="2141" pos="-11.125001 0.0279839486 2.87500024" rot="9.68575478e-08 0 -1 0 1 0 1 0 9.68575478e-08" group="440"/>
        <Entity template="grass_tall_01" id="2142" pos="-12.125001 0.0279839486 1.37500012" rot="-0.0871558115 0 0.99619478 0 1 0 -0.99619478 0 -0.0871558115" group="441"/>
        <Entity template="grass_tall_01" id="2144" pos="-11.125001 0.0279839486 7.87500048" rot="1 0 0 0 1 0 0 0 1" group="443"/>
        <Entity template="grass_tall_01" id="2145" pos="-3.75000024 0.0279839486 8" rot="0.965925872 0 0.258819044 0 1 0 -0.258819044 0 0.965925872" group="444"/>
        <Entity template="Light Ambiental" id="16" pos="-10.875 2.0999999 -9.75" rot="-1 0 0 0 1 0 0 0 -1" group="460">
            <Light color0="FFFFFF" color1="818181" colorMultiplier="0.25" isIndoorLight="false" startDisabled="false"/>
        </Entity>
        <Entity template="Light Ambiental" id="18" pos="-11.625 2.0999999 -9.75" rot="-1 0 0 0 1 0 0 0 -1" group="460">
            <Light color0="FFFFFF" color1="818181" colorMultiplier="0.11" isIndoorLight="true" startDisabled="false"/>
        </Entity>
        <Entity template="Light Directional" id="19" pos="-12.500001 0 -9.75" rot="0.0275848024 -0.951184273 -0.307388335 0.481968731 0.282057256 -0.829548061 0.875754178 -0.125268638 0.466221541" group="460">
            <Light color="FFF8F5" colorMultiplier="1.2" isIndoorLight="false" startDisabled="false"/>
        </Entity>
        <Entity template="RMG Building Shape" id="2062" pos="-3.37500024 0.100000001 0.87500006" rot="1 0 0 0 1 0 0 0 1">
            <PolyShape num="19" p0="0 0 0" p1="-5.99999952 0 0" p2="-6 0 -7.62500048" p3="17.25 0 -7.625" p4="17.2500019 0 4.87500048" p5="15.7500019 0 6.50000048" p6="14.750001 0 6.50000048" p7="0.749999762 0 6.50000048" p8="0.749999762 0 5.75000048" p9="15.5000019 0 5.75000048" p10="16.5000019 0 4.75000048" p11="16.5 0 -6.75000048" p12="-5.25 0 -6.87500048" p13="-5.24999952 0 -0.75000006" p14="0.75 0 -0.75000006" p15="0.75 0 5.75000048" p16="0.75 0 6.50000048" p17="0 0 6.50000048" p18="0 0 0"/>
        </Entity>
        <Entity template="RMG Building Shape" id="1" pos="-0.875000477 0.100000001 2.87500024" rot="1 0 0 0 1 0 0 0 1">
            <PolyShape num="11" p0="-0.125 0 0.125" p1="-0.125 0 -4.87500095" p2="-7.75 0 -4.875" p3="-7.75 0 -8.875" p4="-1.75000048 0 -8.87500191" p5="14 0 -8.87500095" p6="14.0000019 0 2.75000024" p7="13.000001 0 3.75" p8="5.87499905 0 3.75" p9="5.87499905 0 0.125" p10="-0.125 0 0.125"/>
        </Entity>
        <Entity template="grass_01" id="22" pos="-4.87171173 0 -1.67570412" rot="0.965925872 0 0.258819044 0 1 0 -0.258819044 0 0.965925872"/>
        <Entity template="tire_tractor" id="27" pos="-8.32171249 0.692763746 -1.17570376" rot="-0.0868244097 0.992403865 -0.0871556178 0.996194661 0.0871560425 -8.70901076e-08 0.00759605924 -0.0868239254 -0.99619472"/>
        <Entity template="grass_01" id="26" pos="-4.49671221 0 -0.800703526" rot="0.766042352 0 -0.64279002 0 1 0 0.64279002 0 0.766042352" group="470"/>
        <Entity template="grass_01" id="25" pos="-4.49671268 0 -1.30070353" rot="0.819155097 0 0.573572099 0 1 0 -0.573572099 0 0.819155097" group="470"/>
        <Entity template="grass_01" id="24" pos="-4.99671221 0 -1.17570353" rot="-0.707102835 0 0.707110763 0 1 0 -0.707110763 0 -0.707102835" group="470"/>
        <Entity template="grass_tall_01" id="17" pos="-3.12171221 0.0279839635 -1.42570376" rot="-0.0871556997 0 0.99619472 0 1 0 -0.99619472 0 -0.0871556997" group="470"/>
        <Entity template="grass_01" id="15" pos="-3.24671221 0 -1.17570353" rot="0.50000006 0 0.866025388 0 1 0 -0.866025388 0 0.50000006" group="470"/>
        <Entity template="cinderblocksbricks_pile_04" id="14" pos="-3.24671221 0.00999999046 -0.425703883" rot="-0.642787457 0 -0.766044676 0 1 0 0.766044676 0 -0.642787457" group="470"/>
        <Entity template="grass_tall_01" id="13" pos="-7.24671459 0.0279839635 -0.0507031679" rot="1 0 -7.45057971e-09 0 1 0 7.45057971e-09 0 1" group="470"/>
        <Entity template="cinderblocksbricks_pile_04" id="12" pos="-3.24671221 0.00999999046 -0.175703049" rot="0.866025448 0 0.5 0 1 0 -0.5 0 0.866025448" group="470"/>
        <Entity template="barrel_01" id="11" pos="-4.11388302 0.515030205 -0.172301888" rot="0.707106829 0 0.707106829 0 1 0 -0.707106829 0 0.707106829" group="470"/>
        <Entity template="barrel_01_02" id="10" pos="-8.3559618 0.515030205 -0.131667972" rot="1 0 -7.45057971e-09 0 1 0 7.45057971e-09 0 1" group="470"/>
        <Entity template="grass_01" id="6" pos="-4.62171268 0 -0.0507036448" rot="0.866026998 0 -0.499997199 0 1 0 0.499997199 0 0.866026998" group="470"/>
        <Entity template="shrub_02_02" id="29" pos="-2.375 0.177140579 6.12500048" rot="0.57357645 0 -0.819152057 0 1 0 0.819152057 0 0.57357645"/>
        <Entity template="shrub_04_02" id="31" pos="-1.62500012 0.133366063 6.37500048" rot="0.342020243 0 0.939692557 0 1 0 -0.939692557 0 0.342020243"/>
        <Entity template="grass_01" id="33" pos="-2.375 0 5.12500048" rot="1 0 0 0 1 0 0 0 1"/>
        <Entity template="grass_01" id="34" pos="-2.25 0 5.75000048" rot="1 0 0 0 1 0 0 0 1"/>
        <Entity template="grass_01" id="35" pos="-1.62500012 0 5.62500048" rot="0.10452842 0 0.994521916 0 1 0 -0.994521916 0 0.10452842"/>
        <Entity template="grass_01" id="36" pos="-1.75000012 0 5.37500048" rot="-0.0697565377 0 -0.997564077 0 1 0 0.997564077 0 -0.0697565377"/>
        <Entity template="grass_01" id="37" pos="-1.125 0 6.25000048" rot="0.121869288 0 -0.992546201 0 1 0 0.992546201 0 0.121869288"/>
        <Entity template="grass_01" id="38" pos="-1.125 0 5.87500048" rot="-0.874619901 0 -0.484809369 0 1 0 0.484809369 0 -0.874619901"/>
        <Entity template="grass_01" id="39" pos="-0.625 0 6.37500048" rot="0.974370182 0 0.224950746 0 1 0 -0.224950746 0 0.974370182"/>
        <Entity template="grass_01" id="40" pos="-2.25 0 6.50000048" rot="0.974370182 0 0.224950746 0 1 0 -0.224950746 0 0.974370182"/>
        <Entity template="grass_01" id="41" pos="-2.375 0 5.87500048" rot="-0.829037428 0 0.559193194 0 1 0 -0.559193194 0 -0.829037428"/>
        <Entity template="grass_02" id="122" pos="5.50000048 0 8.125" rot="1 0 0 0 1 0 0 0 1"/>
        <Entity template="gate_metal_large" id="130" pos="2.75 1 7.00000048" rot="-1 -8.74227837e-08 0 -8.62232952e-08 0.986279309 -0.165085286 1.44322128e-08 -0.165085271 -0.986279368"/>
        <Entity template="sedan_02_glass_right" id="1413" pos="0.625 5.96046448e-08 4.5" rot="0.0871558189 0 0.99619472 0 1 0 -0.99619472 0 0.0871558189" group="473"/>
        <Entity template="sedan_02_glass_left" id="1414" pos="0.511696696 5.96046448e-08 5.79505444" rot="0.0871558189 0 0.99619472 0 1 0 -0.99619472 0 0.0871558189" group="473"/>
        <Entity template="sedan_02_glass_door_left" id="1415" pos="-0.449632734 5.96046448e-08 5.71094847" rot="0.0871558189 0 0.99619472 0 1 0 -0.99619472 0 0.0871558189" group="473"/>
        <Entity template="sedan_02_glass_door_right" id="1416" pos="-0.326367825 5.96046448e-08 4.41676807" rot="0.0871558189 0 0.99619472 0 1 0 -0.99619472 0 0.0871558189" group="473"/>
        <Entity template="sedan_02_glass_front" id="1417" pos="-0.751610994 0 5.03204536" rot="0.0871558189 0 0.99619472 0 1 0 -0.99619472 0 0.0871558189" group="473"/>
        <Entity template="sedan_02_glass_back" id="1418" pos="1.17104435 0 5.20025635" rot="0.0871558189 0 0.99619472 0 1 0 -0.99619472 0 0.0871558189" group="473"/>
        <Entity template="sedan_02_white_door_right" id="1419" pos="-0.362480104 0 4.31322527" rot="0.0871558189 0 0.99619472 0 1 0 -0.99619472 0 0.0871558189" group="473"/>
        <Entity template="sedan_02_white_door_left" id="1420" pos="-0.493213713 0 5.80751848" rot="0.0871558189 0 0.99619472 0 1 0 -0.99619472 0 0.0871558189" group="473"/>
        <Entity template="sedan_02_white" id="1421" pos="-0.178798258 0 5.08216047" rot="0.0871558189 0 0.99619472 0 1 0 -0.99619472 0 0.0871558189" group="473"/>
        <Entity template="debris_crate_01" id="92" pos="-1.31202316 0.256219864 -5.96362925" rot="-0.99619478 -0.0754788965 -0.043577686 0 0.500000119 -0.866025448 0.0871555656 -0.862729907 -0.498097509"/>
        <Entity template="concrete_broken_05" id="800" pos="13.3079653 0.121231019 -0.175766945" rot="0.199856579 0.304974735 -0.931154072 -0.492403895 0.852868676 0.173648179 0.847110271 0.423799068 0.320622146"/>
        <Entity template="concrete_broken_06" id="801" pos="13.4650526 0.0526394844 -0.238502502" rot="-0.017452294 0.57348907 -0.819027305 0 0.819152057 0.573576391 0.99984771 0.0100102257 -0.0142960865"/>
        <Entity template="debris_cartonbox" id="806" pos="13.281702 0.366990864 0.119493514" rot="-0.634581089 0.421588629 0.647742212 0.271653742 0.906307757 -0.323744357 -0.723540723 -0.0294805188 -0.689651906"/>
        <Entity template="door_threshold_grate_01" id="156" pos="-3.00000453 0 3.75010014" rot="3.7997961e-07 0 -1.00000083 0 1 0 1.00000083 0 3.7997961e-07" group="3" layerMask="4"/>
        <Entity template="door_frame_grate_01" id="157" pos="-3.00000548 0 3.75010109" rot="3.7997961e-07 0 -1.00000083 0 1 0 1.00000083 0 3.7997961e-07" group="3" layerMask="4"/>
        <Entity template="door_grate_01" id="158" pos="-3.00000453 0 3.75010014" rot="3.7997961e-07 0 -1.00000083 0 1 0 1.00000083 0 3.7997961e-07" group="3" layerMask="4"/>
        <Entity template="gate_metal_sheet_locked" id="2169" pos="-5.62500048 0 0.5" rot="1 0 0 0 1 0 0 0 1" group="459" layerMask="16"/>
        <Entity template="door_threshold_grate_01" id="2170" pos="-5.62500048 1.31108173e-08 0.5" rot="1 0 0 0 1 0 0 0 1" group="459" layerMask="16"/>
        <Entity template="door_frame_grate_01" id="2171" pos="-5.62500048 1.31107925e-08 0.5" rot="1 0 0 0 1 0 0 0 1" group="459" layerMask="16"/>
        <Entity template="RMG Building Entrance" id="8" pos="5.00000048 0.00100000005 4.5" rot="6.70552254e-08 0 1 0 1 0 -1 0 6.70552254e-08" layerMask="1">
            <Targets num="11" id0="1" id1="1283" id2="1876" id3="3430" id4="4106" id5="4673" id6="7377" id7="423" id8="1018" id9="1468" id10="2154"/>
            <RandStart tags="entrance" theme="compound" shapeFillMin="0.801">
                <Limits>
                    <Limit min="0" max="0" tags="garage"/>
                    <Limit min="0" max="1" tags="bathroom"/>
                </Limits>
            </RandStart>
        </Entity>
        <Entity template="Alt. Spawn Point" id="423" pos="-1 0.00100000005 -0.500000119" rot="6.70552254e-08 0 1 0 1 0 -1 0 6.70552254e-08" layerMask="1"/>
        <Entity template="Alt. Spawn Point" id="1018" pos="-1 0.00100000005 0.5" rot="6.70552254e-08 0 1 0 1 0 -1 0 6.70552254e-08" layerMask="1"/>
        <Entity template="Alt. Spawn Point" id="1283" pos="0.5 0.00100000005 3.00000024" rot="-1 0 2.68220901e-07 0 1 0 -2.68220901e-07 0 -1" layerMask="1"/>
        <Entity template="Alt. Spawn Point" id="1468" pos="-1 0.00100000005 1.49999988" rot="6.70552254e-08 0 1 0 1 0 -1 0 6.70552254e-08" layerMask="1"/>
        <Entity template="Alt. Spawn Point" id="1876" pos="1.49999988 0.00100000005 3.00000024" rot="-1 0 2.68220901e-07 0 1 0 -2.68220901e-07 0 -1" layerMask="1"/>
        <Entity template="Alt. Spawn Point" id="2154" pos="5 0.00100000005 3.49999976" rot="6.70552254e-08 0 1 0 1 0 -1 0 6.70552254e-08" layerMask="1"/>
        <Entity template="Alt. Spawn Point" id="3430" pos="2.5 0.00100000005 3.00000024" rot="-1 0 2.68220901e-07 0 1 0 -2.68220901e-07 0 -1" layerMask="1"/>
        <Entity template="Alt. Spawn Point" id="4106" pos="3.49999976 0.00100000005 3.00000024" rot="-1 0 2.68220901e-07 0 1 0 -2.68220901e-07 0 -1" layerMask="1"/>
        <Entity template="Alt. Spawn Point" id="4673" pos="4.49999952 0.00100000005 3.00000024" rot="-1 0 2.68220901e-07 0 1 0 -2.68220901e-07 0 -1" layerMask="1"/>
        <Entity template="Alt. Spawn Point" id="7377" pos="-1 0.00100000005 -1.50000024" rot="6.70552254e-08 0 1 0 1 0 -1 0 6.70552254e-08" layerMask="1"/>
        <Entity template="blocks_bricks_cylinders_pile_02" id="47" pos="-8 0.00999999978 -5.50000048" rot="0.984807789 0 0.173648164 0 1 0 -0.173648164 0 0.984807789" layerMask="64"/>
        <Entity template="blocks_bricks_metalsheet_papers_carton_pile_01" id="48" pos="-6.75093937 0.00999999978 -5.16171312" rot="-0.0871555805 0 -0.99619472 0 1 0 0.99619472 0 -0.0871555805" layerMask="64"/>
        <Entity template="blocks_bricks_papers_crates_planks_pile_03" id="49" pos="-7.59015179 0.00999999978 -4.57621622" rot="0.984807789 0 0.173648164 0 1 0 -0.173648164 0 0.984807789" layerMask="64"/>
        <Entity template="blocks_bricks_papers_crates_planks_window_pile_03" id="50" pos="-6.91201878 0.00999999978 -4.18714762" rot="0.766044497 0 0.642787635 0 1 0 -0.642787635 0 0.766044497" layerMask="64"/>
        <Entity template="debris_crate_02" id="51" pos="-8.59705162 0.361348927 -4.49517107" rot="0.719611943 -0.694272041 -0.0120439958 0.627506912 0.642787635 0.439384937 -0.297311008 -0.323744327 0.898218095" layerMask="64"/>
        <Entity template="debris_crate_03" id="52" pos="-6.81665897 0.302606136 -3.49344683" rot="0.250000089 0.433012694 -0.866025329 -0.866025329 0.50000006 0 0.433012724 0.75 0.500000119" layerMask="64"/>
        <Entity template="debris_box" id="53" pos="-5.98966694 0.127437726 -4.52450037" rot="0.906307876 0 0.42261827 0 1 0 -0.42261827 0 0.906307876" layerMask="64"/>
        <Entity template="bush_05" id="54" pos="-6.30081844 8.75245973e-08 -5.33213091" scale="0.799999952" rot="-0.906307638 0 -0.422618538 0 1 0 0.422618538 0 -0.906307638" layerMask="64"/>
        <Entity template="bush_04" id="55" pos="-7.01878738 6.11959479e-08 -4.65971613" rot="0.0523361489 0 -0.99862951 0 1 0 0.99862951 0 0.0523361489" layerMask="64"/>
        <Entity template="bush_05" id="56" pos="-7.7954216 7.65840227e-08 -3.49442339" scale="0.699999928" rot="-0.499999881 0 -0.866025567 0 1 0 0.866025567 0 -0.499999881" layerMask="64"/>
        <Entity template="bush_05" id="58" pos="-8.0459528 7.65840227e-08 -4.21261263" scale="0.699999928" rot="0.984807909 0 -0.173647702 0 1 0 0.173647702 0 0.984807909" layerMask="64"/>
        <Entity template="blocks_bricks_papers_crates_planks_pile_01" id="67" pos="-5.25000048 0.0100002289 -5.25000048" rot="0.42261833 0 0.906307757 0 1 0 -0.906307757 0 0.42261833" layerMask="64"/>
        <Entity template="blocks_bricks_papers_crates_planks_pile_03" id="68" pos="-4.06458902 0.0100002289 -5.28238773" rot="0.819152117 0 -0.57357645 0 1 0 0.57357645 0 0.819152117" layerMask="64"/>
        <Entity template="blocks_bricks_papers_crates_planks_window_pile_02" id="69" pos="-4.00024557 0.0100002289 -4.37465096" rot="0.939692676 0 0.342020154 0 1 0 -0.342020154 0 0.939692676" layerMask="64"/>
        <Entity template="blocks_bricks_papers_crates_planks_pile_02" id="70" pos="-2.55874968 0.0100002289 -5.16535759" rot="-0.0871556103 0 0.99619472 0 1 0 -0.99619472 0 -0.0871556103" layerMask="64"/>
        <Entity template="debris_cartonbox" id="71" pos="-4.34226561 0.79299736 -5.31434441" rot="0.866025507 -0.129409552 0.482962906 0 0.965925872 0.258819044 -0.5 -0.224143937 0.83651638" layerMask="64"/>
        <Entity template="bush_04" id="72" pos="-2.67621088 -0.150000095 -5.12260437" rot="-0.292371899 0 -0.956304789 0 1 0 0.956304789 0 -0.292371899" layerMask="64"/>
        <Entity template="bush_04" id="75" pos="-4.32067347 0.199999809 -4.52406931" rot="-0.292371899 0 -0.956304789 0 1 0 0.956304789 0 -0.292371899" layerMask="64"/>
        <Entity template="debris_barrel" id="86" pos="-1 0.265019983 -5.25000048" rot="0.996194661 0 0.087155804 0 1 0 -0.087155804 0 0.996194661" layerMask="64"/>
        <Entity template="car_tire_01" id="87" pos="-1.34295845 0.360008121 -5.64607096" rot="0.99619472 -0.0818995982 0.029809026 0 0.342020243 0.939692557 -0.087155737 -0.936116755 0.340718746" layerMask="64"/>
        <Entity template="car_tire_02" id="88" pos="-0.737216949 0.36107406 -5.78993464" rot="0.171010181 0.469846427 0.866025388 -0.939692557 0.342020243 0 -0.296198279 -0.813797653 0.50000006" layerMask="64"/>
        <Entity template="car_tire_02" id="90" pos="-1.85026741 0.10238114 -5.17661905" rot="0.956304789 0 -0.292371631 0 1 0 0.292371631 0 0.956304789" layerMask="64"/>
        <Entity template="car_tire_02" id="91" pos="-1.76697731 0.511543155 -5.21447802" rot="0.754406571 -0.633022189 0.173648164 0.642787576 0.766044497 0 -0.133022219 0.111618884 0.984807789" layerMask="64"/>
        <Entity template="debris_stone_broken" id="94" pos="-0.533830643 0.118491285 -5.01667261" rot="0.754709601 0 0.656059146 0 1 0 -0.656059146 0 0.754709601" layerMask="64"/>
        <Entity template="car_tire_01" id="95" pos="-1.49482918 0.31916362 -4.64864779" rot="-0.99619472 -0.0841860771 0.0225575939 -0.0298091732 0.572319329 0.819488943 -0.0819000229 0.815697849 -0.572651148" layerMask="64"/>
        <Entity template="cinderblocksbricks_pile_02" id="96" pos="-1.54501724 0.00999999978 -4.70062876" rot="0.965925872 0 0.258819044 0 1 0 -0.258819044 0 0.965925872" layerMask="64"/>
        <Entity template="brick_stack_01" id="119" pos="2.25 0 -3.50000024" rot="0.422618955 0 -0.906307578 0 1 0 0.906307578 0 0.422618955" layerMask="64"/>
